[194  16 242 216 118 162 184   3 139  75  82 187 140  30  20 104 167  21
 247 145 162 141   1 214  22 126 154 194 133   4   5  31][ 51  25  59 192 183 207 222 100 141 204 146  15  38  28  55  64 166 179
  31  85 212 169  48 236  59  24  12 210   5  13 117  95][130 164  80 149 126 136 248 104 137 130  49 146 236 110  76  66 111 177
  31 161  32  52 194 223  28  30 155 232   5 168  49 129][ 25  25  34 163 151 215  51 244 101 204  94   7  45  93 179 164  38  42
 147  95 215 184  52 173 235  73   4 195  46 143  57 223][226  32 244 212 118 130 248  88 155 160 177  26 105  75  28  24 126 161
  23 161 162 103   4 223  30 222 155 156 103 172  67   0][106  48 182 176  17 236 176  67 153  85 194  57 172 159  38   8 204 179
 177 145  18 217  18 197 131 243 218  83 130  12   7  90][ 51 248  38 226   5 214 216 216  67 241 182   3  42 157 127  33 232 205
 181 223 142 251 185 229 155 216 194  86  67  15 112  94][ 16  32 253 253 126 128 249  88 138 129  17  82 245  75  17  10 110 177
  23 185 160  36 134 223 212 143 187 232 165 168  33 161][  3 156 237  85 182  10 169 187 126 226  30 230 241 111 148 101  55  86
  61 172 241 248  45  95 110 190 239 196 174 224  81 121][242 136  98 214  86   2 250  72 123 160 179  18 104  10  52  16 126 149
  55 145 170 247   9 223  24  46 139 192   5  43 115 128][ 26  48 156 244  61   7  88 119  11 185 112   0 191  31  32  26 230  61
 149   0  24 250  17 204 219 219 122 170  18 136  33  27][ 58  56  60 229 109 135  88  18 139 105 118  11  63  31  16   2 174 189
 181   5 130 186 211 213 215 249  58 194  66 140  67  91][ 24  16 124 237 124 134  88  16 203 233 116  35  31  31  18   2 166  53
  53   5 128 184 131 149 199 249  50 192  64 136  97 219][209  33 105 204  52   6 233  56 120 232  20 130 147 141 212 101  54 188
  29 236 233  36 164 221  66 153 171 188   5 128  81 113][ 10 124  46 180  45 233 184  71 141  71  10 163 172 174  34   8 161  51
 251  17   6 137  18 197 201  87 222 139 128  92 181  90][ 59  16  52 229 119 132 216  16 139 105 115  35  44 159   6  50 142 189
 181 145 158 186 211 197 215 249  58 194  98  12  35 219][ 22 140 192 151  92   0 234 225 173 178 241   2 104 106 109  66 107 129
  23 160  32  54 200 207 156  14 143 172 165 106  97 128][189 205 234 243 212  58 103 247  81  66 126  18  83 105 185  57 121 202
  23 170 249 182 109  46 246 239 228   0 229 251 240 168][ 90  48  48 232 125 213  88  80 139 232 180   3  13 159  96  48 166  53
 253  17 130  43 177 208 211 217   2 186  66   4  33 219][ 40   0 156 164 116  14  88 123  43 153 112   8 159  15  48  18 206 141
  55   0   8 122   3 204 218 219 250 228  86 168  66 137][226 112 116 248 126 143 216  24 155  73 148 191 140 159 148   9 134  21
 255 181 130 231   0 220  18 122 154 222 151 132   3  85][  7  12 195 158 148 178 174  67 116 194  83 214  72 234 181 232 125 109
  51 151 181 212  44 202   8  46 223 128 141 103 176 212][ 58  48 124 229 108 134  88  19  75 233 114  35  31  31  80  18 174 189
  53  20 138 184 129 197 195 249  58 192  70 136  99 203][158  92  30 189  42 134 184 186 172 146 146   2 253  31  33  75 230 113
  61 243  96 205  19 204 201 227 238 192  52  48  33   9][ 34 129 232 203 252  37 216  77  79   9 249  10 224 121  60   8 216 139
  19 177 154  34  75 213  15  31 150  46 213 202 240 131][  7   4 227 148 148  34 173  97  80 195  91 214  64 236 188 108 121  44
  50 189 177 212 164 202   8  46 159 196 141 102 177 244][ 84  92  62 180  42  36  89  50 172 138 154 161 223  95   1  74 167  53
 125 163 200 133   3  78 209 231 235 132  36 176  33  19][ 34 180 180 207 125 111 208  73  75  57 121   8 234 120  28  10 217  27
 147  49  18  58  90 213  15  30 154 127 208  74 214 130][ 35 161 232 202 124 149 218  89  71  73 221 138 113 204 254  32  94 153
  55 157 158  34 239 209  95  77 170 200 181 142 112 117][  2  30  38 149  39 242 184  98 173 230  90 167 172  30  54  11 238  53
 251 133 196 221  49 204   5  83 218 131   4  68  53 223][ 77  48 122 235  46  21 251  88  68 104 183 170  29 159 154  96 150  29
 223 234 130  33 161 209  82 249  32 248  39 131 113 113][ 98 183 112 216 255 152 176  39  11  21 120 249 174 168 198 144 207  27
 135  17  86  42 194 149  14  52  18 251  86  12 207 207][ 32 123 155 156  85 228 163  71  14 205 120 103  32 130 101 128 232  43
   2 209   7 186 130 105  49   4 186  42  25  24 117 223][  9  97 126 236 125  22 120  89 139 232  52   2  63 143 240  34 166 157
 181 237 130  41 163 221  67 249  35 172 118 134  65 249][ 25 171  66 133  20 146 107 112 101 164 126   2  11 131 162 196 120 236
   6 252  28 185  36 172 250 205 161  65  39 143 232 132][ 39 161 104 202  94 144 202  89  71  65 213 131   0 204 222  32  94 136
  23 223 158  34 239 209  30  13 170 204  53 143 112 116][  2 126  38 149  47 226 184  99 140 198 218 167 172  30  55  11 230  53
 251 133 228 221  23 204 133  18 218 147   4  68  53 223][ 36 160 164 201 253  47 200  73  75  57 177  24 130 104  28  26 217 136
  19  34 154  34  89 209  15 158 209 116 208 107 210 130][ 18 137 106 130 212 128 174 103 140 129 216   2  41 170 116  64 122 171
  19 129 208 187   0 252 184 205 190 200  21  10 241 136][ 92  72  95 180  42   8 125 176  37 130  22   2 255  67  65  90  39 181
  61 170  72   4   3  74 212 167 115 136  36 176  33   9][144 201  14 189  20 130 172 229 172  16 210  18 151   2  33  67 106 101
  14 224 106 205   1 237 160 225 238   4  20  48 161   8][ 26 128 246 174 116  10  88  89 107 153 113   0 175  42  52  18 238 173
  23   1 136 187   2 205 154 219 114 194  16 138  35 137][ 26  17 124 229 124 134  88  18  75 105 114  34  31  27  84 114 174 189
  53   1 136 184 131 208 194 249  58 128   7 136  97   3][ 10 136 182 228  36  14  88 249 235 152 112   0 175 239 117  82 246 153
  21  49 138 104   2 205 155 219 111 140  18 168  35  25][141 141 237  85 148  42 239 191 116 194 190 134 241 109 159  99 127 198
  29 238 241 160 109  79 110 175 167 132 239 248 208 248][ 73  33 251 196 244   1 109  31  11 232 124   8  61 135 240 116  22  28
  55   8 195  26 160  82 116 156  53 168  54 128 128  41][  2  16  18 152  91 165 176  66 159  27 144  18  12 154  96  72 231  25
 155  17  50  15  18 215 153 150  26 234 144   0  33 131][ 56 129 230 228 100  10 105 123 235 145 116   0 191 235  48  18 250 169
  53 168 138 248   6 205 206 219 231 132 102 168  96 136][ 35 193  99 201  22 147 174 101  68  64  83 194  72  76 188 228 126   0
  18 239 213 184  37 220  36   8 143 196  93 142 249 164][149  93  78 161 180  27 236 191 244 208 146 231 147   8 179   1  62   1
  94 255 239 160   5  28 224  73  47 132 125 184 121 153][138   0 242 249  36 152 120  16 255  17 118 144 159 143 180  72 199   9
  55  24 130 188  34 209 198 255 178 192 150 136 113   0][ 26  24 112 174 116 133  90 112  77  64 113  42 175 223  49  48 158 185
  23 227 136  50   8 253 130 217  41 168 119 175   3 193][  9   0 105 217 100 152 233  16 236  80  86 130 153 135 246 107 102   8
  31 156 131  16  38 208  70   9 170 168  22 128  33 241][  3 217  97  73 118 155 175 244  77 100 116 230  56  12 148  36  62   0
  19 239 195 184  37 253  36  24 142 192 127 156 209 253][  2  48  50 200 123 197 154  72 139   8 145  43 172 222 109   0 222  57
 219 227 130   3 146 221 147  24  11 186  16  38  39 211][ 49   0 239 245  84 146 233  16 117  65 118  18  51   9 144 104 106 140
  54 136 136 254 101 132  86 235 240 192 103 136 112 168][ 29 140 233 213 148  42 239 179 112 195  62 210 113 111 157  97 127 198
  23 188 241 240 109 111 110 175 231 196 231 248 240 248][  2 176 178 156  75 197 184  72 159 212  64   3  44 222 108   0 252  57
 179 209   2  67 154 209  29  16 139 111  17  12  37 210][  2  19 166 149 161 248 188   3 173  93  90 167 172 172  54  74 166  35
 251 133 148 153  39 192   6  54 218 131 132  68 157 223][ 56  13 113 229 182  10  77  55  65 162 186 194  27  39 145  48 126 231
  21 169 201 184 101 142 248 200 165 144 101 248  80  40][189 205 108 227 212  34 111 247  69  98 254 146  83 109 155 114 121 198
  23 234 249 182 109  46 118 239 164 128 229 251 240 224][ 98 155 180 210 237 193 148 135 139  61 152  41 140  62  70  10 139  83
 255  81  18  75 202 224  15  86  94 251 150  92 135 143][  9  76 106  73  22 118 235  95 116 193  78 130  17   7 181 100 115  12
  19 188 129 156  53 222 111  47 167   4 183 240 113 232][105 109 104  73 188 146 207  59  64 224 220  10 147   9 151 100  88 236
  28 248 217  58 229 140 126 105 166 240  23 170 112  96][193 153  25 140 230  13 118 186  93  74  86  95  22 145  50 116  53 138
  54  79 209  62  19 119  87  46 112 204 122 168 248  17][104   9 186 109 253 156 118  51 193 168 126   0  59 153  49  98 200  36
 123  88 208  57 240 136 111 253   4  16  98 168 208 138][  1 206  42 189  52 139 169  55  92  65  90 215 177  40 178  64  95  46
  23 141 247 156  69  31 228  46 186 192  28 136 145 217][ 26  16 246 172 124   6  88  89 139 248  52  33  15 159 240  50 174 157
 181 128 136  43 131 221 194 217  33 174  22 172  96  75][186  75 106 238  83 147  94 113  21   4 229 135 107 207  34  81 124 185
 135 230 108 135  16 159 243 225 136   9  55 190 230 210][243  65   2 140  93 151 206 108 197  64 192  11  10 200  62 228 248 161
 218 231 205   3  20 223 177  40 138  58  29  62 185  20][ 26 153 156 252  45  71  24 111  11 152  32   8 142  63 100   2 164  57
 149   1  16  75  18 216 219 219  95  47 146  32  39  27][166  46 166 148  79 209 190  99 140 166 219 179  12 174 102   2 237 249
 155 131 116 223 134 226  29   4 139 235   5  45  61 215][  2 135 107 185 234 224 185 103  44  21  88 163 149 174  32  65 110  27
   3 129  18 154  66  85  92  32 250 193  53   0 165 219][ 82 194 234 204  47  65 151 197  15  37 127 131  70 167 190  68 250  52
  47  12  72  17  57 145 241 188 138 151 117 122 213  98][ 18 148  59 168  90 224 176  99 140  17 232  51  20 190  32  64 239 147
  27 177  48  47  16  87  93  38  26  74 145   8  37 186][129  72 101  79  70  13 235 224 108  16 119   2  49   1 181 101 106 136
  26 206 195  49  61 253  85   8 130   0 119 139 113 232][123  48  50 225  39 220 216  16 173  89 114  35  62 159   6 120 142 185
 245 145 158 184 242 193 199 249 184 195   7   4   4  87][ 66 148 159 172 116  46 160  99 168  11 122  82  20 187  32  82 236  23
  91  33  48 175  16  79  85  54  26  74  72   8 161 171][135 171  98 131 214 131 175 113 212 196  87 214  17 200 182  37 126 169
  19 255 241 184  36 206  44   8 175 192  45 166 177 245][122  48 112 233  27 213 152  16 129  65 246  11  60 159  70  32 206 181
 249 129 142 138 242 209 195 249 136 123  35  12   7 251][ 62 177 180 234 223 119 154 248  11 125 189  15  76 126 110  43 255 211
 181 243  30  67  59 245 155 211  75 127 147  79 167 211][151  32  96 217  38  19 248  24 127  64 118 147   9  15 221 125  54 185
  53 141 140 180 167 208  22 120 218 128 119 132  80 117][169  85  87  41 226  59 175  95  12  66 122 244  29 143 177 248  86   9
  22 110 213 180  39  66  38  41  32 136 220 219 129 209][ 24 145 178 236 109  30  88  88 235 136  52   0 175 159  96  18 230 145
  55  24 202  41 178 193 219 217   3  46  82 172  35 139][ 67  31  97 223 110 185 174 113  93   6  81 238 173 108 181 205  38 187
 142 135 165  49  45 253  52  38  74 178 127 255  17 181][210   0 240 212 118 138 248  73  59 161  50  18  12  10  20   8 254 165
  23 177 162  55   0 223 150  62 155 226   5   8 115 129][  2 173 130 147 212 170 174 199  30   3  90  18 140  42 112  72 107  75
  19 145  18 184  73 226  44  22 158 192 133  91 177 136][148 216  19 179  70 201 181  97  30 144  67 115 148 223  96  73  34  57
  51  67  65 252  26  80 197 128 111  98  20  56 165 179][ 35 154 222 196 102   2 179 244  93  89 246 231  16  57 174  76 222  84
   6 125 209 251   1 228  88  58 126 198 143 137  57 157][ 52 140 198 131  92   0 234 224  45 146 249   2 232 106 109  67 107 137
   6 160  48  62   8 203  60  12 207 108 245 106  99 136][197 221 125  68 174   8 239 189 232 214 158 230 241 253 223  99  55 214
 125 238 225  33 174 234 110  41 231 156  47 243 209 113][ 26 145 180 236  61  78  88 107 171 185  36   0 158  31  96  82 228  17
 183  16   2  43  18 208 219 221  75 111  18  32  35 139][ 89  48 122 200  52 151 217  80  76 104  84  12  29  31 182  32 150  60
 149  45 129 179  48 220 211 217 162 184  22 128  83 115][194 136 240 151 126   8 248  96 123 161 177  26 108 106  84   2 106 193
  87 145 162 118 205 207  28  30 219 232 197  40 115 129][227  48 100 220 126 154 184  24 155 201  16 187 140  95  30  10 174 181
  87 181 164 103 230 222  22 126 154 154  71 132  19 211][  3 222  10 155 116 149 188  87  94  75  88 119 180 152 182  96 229  43
  19   5 199 188  20 247  36  63  58 192  28   8 185 157][164 115 157 168 236   5 150 216   6 248  49 231  80 221 235 139 221  72
 166 118 199  99  26  16 122   1 101 174 217 251 120 211][  9   0 253 245 110  18 249  24  82 241 119  66 217 235 208 105  54  53
  55 168 129 240 167 220  78 235 243 196  39 160  81 169][173  64 254 248 228  24 126 216 219  82 117 145 223 207 251  58 159 209
 183  94 142 116  42 160 194 219 103 140 246 185  64 241][134 172 196 151 124   8 232  97 169 178  17  18 236 106 112   3 107 161
  23 161  34 124 136 207  28  22 203 168 149  40  49 128][ 71 112 123  76  60  68 203  24  74 232  53  72 145 221 252  36  22  28
  29 110 195  33 188 221 227 153 163 188  86 131  65 113][ 35 193  99  77  20 147 174 101  68  64 113  66  72  72 188 228 120  32
  18 239 197 176  36 221  32  40 130 192  95  62 241 132][  8   0 126 229 124  10 121  24 199 225  62 130  25 143 240  96 166  53
  55 156 128  41 161 156  70 249  33 192 103 136  64 249][ 90  49  60 229 127 198  88  20 139 233  52   3  61 159  66   2 228 189
 245 209 130 186 209 129 223 233  58 227  34   0  33 219][108   9 232 109 252  27  67 155  67 168 188   8 179   9 149  98  72 228
 110  88 154  42 229 152 102 253 161  60 119 169  80 168][122  49  56 225  91 196 216  21 131 105 182  11  60 159  66  34 204 181
 245 145 158 154 211 145  71 253 152 211  35   8   4  91][ 40  48 188 229 124 198  89  22 139  41  62   2  61  31   0  18 166  53
 247   0 130 168 209 133  71 233  48 192  99 128 101 155][182 140 194 134  84   1 234 232 141 163 179   2 105  34 104  66 105 196
   6 162  32 191   8 239 156 198 159 196 165  42 113 136][ 40 128 232 225 116 170 235 154  70 137 126   2 115 105 249  64 121 168
  23 152 138 176 101   9  78 173 161 196 229 234 112 160][119 223 229 211 164 118 151 183 121 127 154 247  80  60 159 111 237 215
 189  23 189 216 109 224  57  62 222 214 141 125 244 125][  2 145  22 152 236 164 184  99 142  25  88  32 172 178  96  67 230  59
  19 128  18   9   2 209  12  48  26 202  16   0 161 139][ 61 109 107  96  84 146  79 240  64  64 249  66 115  72 153 240 120 232
  22 238 201 178 108  61  50 205 161 132 101 187 114 224][194  32 240 209 102  11 248   2 127  35  50 147  12  14 212 104 174 141
  87 149 130 180   5 194  22  56 154 196 101 132 113   5][ 88 195 250 236  19 209 147 212 134  37 254 163 109 239  42  64 114  61
 143  68   0  17  48 217 243 229  42 187  55  58 101 107][ 32 200 106  65  68 131 239 244  68  32 118 130  49   5 180  36 122 128
  19 238 193 184  37 253 102   8 162 128 119 153 112 232][ 58  48  52 228 125 135  88  80 139 169  48   2  15  31  68  18 166 181
 181   1 136  43 129 192 147 249   2 178  66  12  99 139][104  96 120 236  52  24 107  24  99 136 180 130 187 143 240  32 126  12
  29 232 202  41 161 157  66 201 163 172 119 136 112   9][225 155  24 217 230 141  99 182  95 106  86 110  60 177 182 116 101  46
  50  76 209 190  80 247   4  60  48 226  26 136 121 189][ 11 197 106 193  48 191 169  23  44  65  78 130 185  39 178 228 102  58
 147 156 147 152  52 237 110  77 190 192 134 204 149 248][ 99  78  69 217 125 181 168   7  15  57 122 230  40  14 180 244 231  43
 182  28 135  30 102 220  46  28 158 138 150 204 249 141][137   4 111  77 230  27 239  30  92  66 122 214  25 172 177 225  54   8
  54 175 213 188  39  82 102  40  48 128 253 210 209 249][144 213 125  91  18 197 177 254 212  17 236   2 113 119  44  97  78  18
  18 232  35 171  49 125 107 169  18  64  81 130 101 186][187  68 102 189  69  54 124 230 149  22 198 151  75  43  63  75 121 196
 177 239 108 213  21 173  83 235 218   5  47 253 120 218][ 22 104  48 234 125 197 154  96 137   0 145   8 174 222  37   0 150  57
 151 227  66   3  24 253 145 216  11  59  16   3  35 130][ 22   6 198 145 195  34 188  67 169 150 171 135  76  46   3  27 239 165
 203 167  20 211  17 200 148  18 219   3 137 103 175 210][ 60 141  69 169 156 227  75 138   6  49 138   2 211  97  57  64  89 128
  31 121  26  33  89 189 201 196 139  84 183 203 112  34][141 152 219 195 114  23 171 240  28  75 115 246  21  63 180 225  78  25
  22  12 165 191  37 106  78  14 114 196 221 168  33 249][ 57  32 106 105 116  11 107 120  97 200 116   2  19   9 176  48 126 168
  23 232 136 178 100 157  70 201 162 160 119 136  82 225][ 82   9 151 165 139 102 185   3 172 161 138   3 156  62  33  74 230  55
 123 129   1 153  19 192 133 182 218   2 128  96  37  58][ 36 139 169 233 124 141 203 202  70  41 249  10 147   9 120   0 216 136
  23 209 154  58  73  17 221 141 171 124 209 139 208 128][ 57  32 107 197 116  10 107 120  97  64 116  66  51  73 144  48 126 168
  22 238 201 178 100 157  86 137 161 132 103 170 114 224][ 90  17 147 165 187  68  61   7 175 161 138 131 140 190  64  74 230  55
 249 145  16  25 145 192 185 244 158 210 132 100 133  91][ 36 184 184 233  92 143 242 210 203  49  60  10  18 153 117   0 201 232
  19  89 146  58  88 176  31 157 129 118 209  43  80 130][ 82 251  34 162  51 216 186 164 171  69   0 167 172 142 102  66 166 107
 237  85 214   9 162 225 184 113  14 251   4  22 141  95][  6 219 230 159 230 208 188 230 236  85  90 167 172 172  54  74 167 115
 179 213 150 249  62 224  12  34  94 195 133  87 189 223][ 55 105 105 200 214   2 207 221  64  64  80 207  17 142 245  48 126 136
  19 255 207  18 116 220 114   8 175 172  61 185 114 244][ 35 133 105   5 244  19  77  55  65 228 126 207  33  44 150 180  78 174
  23 172 221 186 101 142  38  92 164 160 111 236 218 220][226 178 112 137 122 153 176 106  27  53 112 255  12  12 198 144 142  27
 135  17 150  62 198 215  30  20  16 255 223 140  15 215][ 50 195   4 170  25 132  88 237 135  21 224 133  40 206  46  82 204 147
 167 213  90  11  82 241 185 240 158 217  17   6 164  88][ 99 104  42  64 101 157 255 212 201 232  54   8  50 152 119  36 136 108
  22  92 196  57 176 168 115  93 132  58  67 152  82 239][ 55 105 107 200 212   2 207 220  66  64 208 207  17 204 245  32 126 200
  23 255 207   3  36 221 114  12 175 236  53 185 114 240][  2  25 166 149 135 196 188  71 172  85  66 135 172 172  54  74 166  51
 187 133 148 153  22 224   5  50 222  67 133  92 181 222][ 98 105 232  65 124 157 200 148 203 168  52   8 147 137 117  40 200 236
 119  88 136  58 244 144 111  29 133  56 213 185  82 140][ 82  25 154 164 178  36  24  19  44 161  74 163 157 190  97  64 166 191
 189 149  24 152 145 192 209 229 170 162 164  96 161  27][144 200  14 188  13 134 104  39 140  18 130   2 183   2  33  67 200  33
  42 128 104 141  19 143 193 243 222  16  16   8  33  10][ 38  28 254  89 137 239 179 146 158 122 190  16 208 183  39 111  79 118
 123 138   1 165 113 112  71 190 210 146 211 113  69 115][  3 201  66 142  20 147 166  97  68  64  81  66  96  72 182 228  88  32
  18 239 213 184  28 221  32  40 138  65  93  14 248 132][ 31  12 101 223   7 119 232  42  85  98  83 130 121  44  53 237  47 163
  19 175 165 244  61 253   7 106 219 128 127 253  88 188][  7 137  34 138 148 147 174  97  68  64  83  71 104  72 182 224 120  33
  18 231 213 184   4 220  40   8 138 192  29  14 249 132][194  32 244 211  86 168 248  72  59 161  49  26 236  74  20  10 110 165
 119 145 162 118 129 221  20  42 155 224   5   0  51 128][130  16 186 248 116 132 216  66 191  27 112  16  12 154  36  72 231  25
  23  17  34  13  18 215 155 191  26  74 144   0  33   3][ 88  48  48 232  61 196  88  80   9  40 180   2  31 155  96  16 236  53
 157   0 138  43 144 221 211 217   2  58 114 128  97  11][160 128 235 241 116 168 105  18 125   1 114  16 179  11  20  88 106 169
  53 152 186 188 100  71 196 191 178  64 229 128 112   0][  7  63  34 130 150 179 186  64  68 193  91 231  72 104  55   0 126  43
 147 181 150 176  12 204   8  12 139 192 141  79 121 212][130  32  68 151  94   8 248  72  43 160  49  26 108  74  53  10 106 129
  23 145  34 118 201 221  20  26 155 224  69   8 115 129][130  16 250 121  36 148 121  16 255  89 118 176 157 143 180 104 167  25
  23 156 130 212  34  81  70 251 178 192 148 128  97  97][183 122 232 136 254  23 222 216  95 254 144 255   0 200 215   8 159 193
  87 117 166 103  79 210  26  28 173 190 221 189 122 215][ 67  86 183 144 230  54 156 143  25 243 154 246 140  62 180 255 199  87
 157 167 181 203 181 192  56  58 222 150 142 245 179  85][ 87 140 228 147 146 112  60 167 121  87 158 179 104 110 223 127 119 195
 189 145 190 200 109 227  62  94 223 195 167 244 252  87][ 55 219 213 151 166 155 158 184  27 190 152 238 111 108 221 175 183 243
 132  71 228  96 110 253 186  86  77 247 247 254  13  21][226  32 244 221 110 128 232  72 139 161  49  26  76  74  20  10 110 161
 119 145 160  54 194 212  22  30 155 168   5   9 113 129][ 71  55 198 144 226  34 188   7 169 243  26 191 204  42  79 139 167   7
 243 165 148 193 148 192  12  18 223 135 140 244 171 148][ 13 104 105 232 116 154 107 176  97 232  80  66 145  76 145  48  54 232
  22 239 193 176  36 221  36 136 163 164  61 187  82 225][ 66 147 244 161 239   8 188 143 139  53  56 175 140  46  78  10 167  87
 239  81  18 105 139 224  44  20  94 255 148  94 143 139][ 73  32 120 236  52 134 235  24  64 232 180   2 155 141 208  96  30 140
  29 232 200  41 161  93  67 205 162 188 119 128 112  41][ 24 145 156 238  79  71  88 112  43 169  33   0  62  31  96  18 164  49
 247  16   0  11  19 208 219 217  26 107  50   2  39 155][ 82 129 240 224 189  72 148 141  75  61 184  42 142  63  76   2 250 211
 237  81  18  41 195 224 191 212  30 255 214  26 213  11][ 39 124 217  72 124  53 186 218  74 251 176 110  20 154 213 170 207  73
  86 223 135 102 238 210  30  28  47 254 221 249 107 149][ 66 120 178 158  75 193 152 100 153 204 144 171 172 254  99  11 202 241
 219 193   8  75 194 236 153  22 218 251 133  13  37 218][ 94  56 186 176 163 235  48 194 158 226  10  59 142 159  97  74 163 117
 253  19   0 213  18 162 217 215  91 115 164 121   5  83][ 41  73 107 195 116 158  79  53  69 200  87  64 179   0 182 180  72 172
  20 205 217 184 100  12 228  25 164 192   6 138 210 236][ 41 132 252 229 244  26 125  59  81 226  62 130 123  47 144  34  59  70
  29 168 240 233  37 142 110 239 181 132 229 232  80 233][104 105  98 104 125 158 207  53  65 168 180   8 147   9 180 100  72 164
  31 104 200 171 240 140 103 249 164 208  71 174 208 169][213 109 249 196 172   8 239 159 234 210  60 130 147 237 247 103  63 220
  61 238 201  96 174 192 106 168 231 172 103 242  81 121][ 72  56  56 225 124 132  89  16  10  41  54   2  61 159  64   0 230  53
  63  24 130  43 193 209 215 233  34 248  32 128  97 139][ 56 132 234 245  84  58 105  59 113 131 119  18 115 107 184  17 123 168
   6 168 184 252 108  14 206 239 245   4 231 232 112 168][  2  24 148 156  65 230 176  67  63 185 160  16 174  58  96  90 229  63
  27  16  16 107  16 192 153 150  90 106 144  64  35 139][ 69 121 241 192 164  32 207 152 122 210  28 226 155 221 221  47  55 216
  21 254 203 112 174 208 104 200 239 172 167 241  83 117][150 107 104 200 170  81  92 201   7 252 156 163   2 204 255  47 158 217
 149 247 206  67 174 144 226  81 205 191  54 253 148 247][ 56  48  56 225  95 196  24  16 131  41 162   2 190 159  64  18 198 189
 245 145  10 186 210 133 199 209  26 115  34   0   5 139][  9  96 255 197 108  26 233  24 230 240 119   2 145 137 208 106  34  12
  55 218 131 240 175 209  70 169 243 132 103 131  81 161][ 33 164  81  69 118  58 105 123 121 160 124  66  25 163 220 244  50 172
  22 168 145 184 164 206  30 204 163 172  55 234  65 172][194   0 242 145 118 162 248  66  43   3 240  18  12  10  52  72 110 133
  23 145 162  54   1 198  20  46 154 192   5   8 113 129][ 60 129 134 168  52  12  72 249 169  24 240   8 143 234  17  82 216 128
  76 113  10 170  82 129 139 253 199  28 192 170  82   8][160   0 130 132  84   2 224  64  41 129 243  18   8 138  32  74 122 141
   6 160  32 183 128 206  20  38 146  72   5   8  97 128][226   0 100 192  86 162 168  72  42  34 115  18  72  10  20   8 126 133
  23 177 162 183   1 222  20  46 155 128   5   9 115 128][  2 145  18 152 233 165  56  67 158  25  88  48 172 150  96  73 230  59
 147  16  18   8   2 209   9  16  26 234 144   0 161 131][152 152 158 236 121  14 120 112 171 152  32  24  63  19  96  82 164 165
 125   0   8 111  18 157 219 217  98  12  80   0  99 139][  6 162 162 150  87 188 184  97 168  53  67 151 204 236  62  11 173  13
 219 165 180  81 152 193  21  22 219 103 133  46  61 198][147 196 101 221  44  18 237  63 236  82 150 210 153  12 148 103 102   4
  60 169 225 237  37 221 164  42 250 196  23 128 241  36][ 86 217 180 250 175 196 154 164 139 153 176  10 236 254 109   2 135 115
  53  83 210 111  90 241 153 218  95 250 144  59  33  11][ 66 144  54 176  33 140 184   0 169  25  82   8 140 158  36  10 166  57
 183 145 146 152  18 193 149 248  26 194   0   0   3   3][178   4 202 166  84  34 234  64 136 176 243  18 113 130 105  66 107 140
   6 160  40 183 136 143 152 199 171 164  37  43 113 128][ 49  37 105 197  84   3 207 121  81 226 252  10 115  97 149 100 120 168
  20 234 233 178 100 159 240 205 163 160 119 234 114 168][120 241 104 224 213  84  94 221  67   9 244  10  27  27  88  48 248 138
  21 216  90  58 240 132 255 217 164 108 225  10 242  10][104  32 106 229  52  10 233  25  68 160 182   2 147 137 240  96 122 140
  63 168 193  33 165 220  70 141 160 236 101 136 112 160][  2 177 146 156 231 176 176 103 174  29  88 167 172 186  34  65 162  43
 179   5  22 216   2 193  28  16  90 203 140  76 189 223][ 38  25 252 212 254  39 156 187 155 218 176 107 124 125 117  59 159 243
  23 225 128  99  26 200  91  30 253 190 221 121  83  27][ 18 153 180 243 173   6 220 143  11  57  48  16 142  58  68  10 167  87
 181  81 146 122  91 224 175 222  94 102 208  82 161  11][182   0  66 128  68   2 168  64 144 162 243  18  72 138  61  72 120 133
  23 163  32 183   0 218  20  46 139 196 133  11 113 128][102 142 228 150 254  16 190 175 219 151  16 231 232 110 223  75 127 227
 167 165 180  72 142 239  46  22 223 207 133 116 221 205][167 207  64 155 196 184 174 197  88  82 120 199 200 232 255 205 125  75
  51 207 199 180 206 225  36  56 206 236 221  95 217 212][ 35 134  70   9 116 153 184   7  78  51 114 247 168   8 182 196 207  43
 178 149 150 188  70 215  14  30 154 195 157  12 217 157][135  24 103 134 102   2 169  80  77  88 211 230 188 140 245 109  78  13
  62 223 131 243  37 225  20  56 234 130  15 143  49 245][ 56 109  90 238  52  10  74 124  33 128 189   0 183 139  32  16 218 164
  76 106   8  43 128  31 242 253  35  56 116 139  98 137][  2 178  18 153 211 164 184  66  62  21  64 151 140 170  98   8 239  27
 131 149  22 154 146 211  28  20  26 107 141  68  43 146][  2 129  20 133 166  43  40  35  44  35  82  18 140  34   0  74  46  15
  59 128  16 152   1 196 132 146 218 192   4   0 161 137][170 124  30 176  97 237 112  86 185 154  92  40 188 159  33  89 133 187
 151  17  34 207  18 189 211 211 122 171   0  16  39 155][157 105 128 249 141  23  68 223  23 184 132  70  19 211 113 173  88   8
  18 250  75 103  82 144 139 217 197  60  58 120 120 168][ 62 193 246 233 203 110 124 199 175  53 102  19  76 191  40  90 235  87
 163  80  16 153  18 128 123 231  92  71 243 116 132 210][198  58 146 150  67 160 184  64 169 134  97 183  44 206  33  10 174 185
 131 131  34   7 154 203  21  18  26  43  65  33  39 210][ 50  88 114 198  71 220 210 100 201   0 114  10  46 153  53   3 234  32
  23  67  64 185 176 236  51 249   0   2  99  26 112 138][ 60 220 120 104 219 115  19 218   6  33 252  34  25 215 105 112  95 217
 151 242  26  50 120 113 123 205  33 109 243 243  36 179][ 82   1 147 164 149 196  41   7 173 141 154   2 188 182  96  68 224  55
  61 145  24 137 128 192 185 180 154 218 128   0 165  42][  8  27 158 181 164 226 180  55 140 143  94  99 188 179  32  74 200  51
 171   1  16 137   3  76 196 167 250 129 144  72 173 139][ 82 232  43 162  19 196 187 164 171  69 130 131 188 158  98  64 166 125
 125 213  66   9 146 225 249  48 142 202   4  22 165 122][  2 150  85 155  62 139 177 107  12  55  81 243 172  30  40  15 175  25
   3   1  50 252  67 221 196  18 122 214  20   8   5 235][ 22 137 230 158  23 144 184 224 158  17  82 131 105 236  62  72 107 123
 179 213   6 248  14 225   9 106 222  67 149  38  57 142][ 34 150  22 154 245 164 180 103 156  31  80 119 172 184 166 137 205  59
 131 129 182 234   2 213   0 114 250 203 221  76 189 159][182  58 114  64  82 211 186  64 251 164  53 171   9 141 231  25  46 185
 135 210 134 183  36 226  26  72   1 235 231 173 103 199][173 108  42 225  52 143 235 214  76 224  28   3 147  12  51  32 204 104
  19 127 136 180  48 190 229  89 139  48  85  57  82 234][161  37 107  68 244 141 237 119  88 200  88   8  49   8 182  48 136 170
  19  13 229 186  52  15 103  25 164 160  69 200 210 236][  5 120 123  74 100 135 111 212  65 232 116  66  17 145 177  48  54 252
  22 106 193 178  36 124 101 136 160 160 116 179 114 169][ 40 104  59 224  85 205 243 196 202 168 114   8 179 153 113   0 136  40
  19  81 130 184 144  56 237 141 132  48 193  24  81 138][ 64  17 154 164 208 166 121  83  32 129 110   2  61 183  33  80 100 191
  17 152  16 154 144  72 241 173 170   8 160 192  34 170][136 129  13 169  29 207  65  57   4  17 193  16 215  83  40  65 216   0
  10 106 122  36  91  29 205 144 194  84  16  10  16  34][ 34  52 176 216 223 229 144  75 138  25 152  59 140  28  68  10 205 147
 211 145 146  47 210 210  29  20 152 251 213  76 151 211][  2  15  34 138  21 165 138 206   6   5  72 135  96 104  59  64  88  42
 147 213 134 168  28 253  33   4 138   1 149  79  56 206][130 131   5 152 138 192 156 103 150  19 208 179  40 142  32 193  79  27
 155 129 114  15   2 209   0  32 218 203  21  12 173 147][  6  15  14 144 130 162 184  99 164 150 219 199  64 234  51  75 103  39
  59 183 144 217   6 236   8  34 219 192 140 101  49  80][ 56 201  98 231  68   2 238 244  69  32 118   2 123   9 177   0 120 204
  23 234 200 184  77 173 102 201 160 128 119 155 112 136][162 234 162 156  78   0 188 204 146  86  80 147  40 204 127   8 126 105
 147 199 198  70 142 227  48  36 222 169  21  60 181 220][194 132  18 156 116 160 184 103 185   3  56  16 172 170  52  67 167  35
  31 129  48  11   2 207  52  62  26 202   4  64 227 137][ 13 228  99 201 116  43 107 248 113  73 121 194 209 101 184  52 127 216
  22 234 187  48  44  95 108 142 163 236 245 163  82 161][ 86 159 178 160 146 171 186  67 174 165 155 183  77 238  98  64  39 183
 239 149  18   9 136 212 184  68  15 215 165 110 165  81][151  48 232  65  34  24 248  88  57 242  23 183  89  30 222  43  54 157
 183 189 164  84 165 192 214  75 251 134 167 172   1 213][  3  48 224 145  98  56 184  18 139  91  20 183 140  28 214  62 167  27
 159  21 134  68 230 192   6  26  90 174 134 196   5  85][ 58  76   6 190  41 226  84 102 129  14 249  33 106 127  35  91 200 241
 237 135  72 135  66 141 147 243 250 155  18 118  38  67][ 33 124 153  65 252 173 168 215 202 250  48 104 144 158 213  42 141 121
  22  24 135 126 228 104  13  28  55 168 200 248  67 173][ 35 201  99  72  84 147 234 120  69  64 112  70  64  72 180 164 120 168
  18 239 197 178  36 221  50   8 130 128 127 143 120 172][ 87   1 198 132 207  86 188   7 169 209 154 131 204 106  94 138 234 231
 251 181  20 193 150 192 189  62 206 199 141 118 187 198][ 45 124 156 161 252 167 168 214 206 250  16 111 149  24 215  42 207 105
  22 157 135 118  70  88 108   8 175 172 221 120  11 153][ 71 137 199 130 239  22 190 132 171 241 154 131 140  62  87 190 199  87
 249 213 149 203 191 224  62  62 222 198 132  22 187  76][230 107 237 176 238   7 157  79  30 190 144 255  16  12 213  10 207 149
  95 149 234  71  97 210  84  14 189 188 149 120 180  75][ 55  12 167 190   5 114 196 106 193  26 219   3 106  56  55 239 233 199
 180 163  12 179   9 233 147 122 218 135 151 127 120  14][163 122 236 129 252 143 156  23 206 250 144 127 144  24  87  42 205 165
  87 149 229 126  84  90 110  14 189 178 205 120  91 155][103 153 229 214 230  18 189 164  73 241 134 170 124  60 221 111 207 215
 123 221 147 219 125 225  29  58 222 194 133 190  49 125][ 66   1 228 220 199  38 205  47  93  59 150  26  88  56  52  47 123 215
  59 169  16 233 117 200  53  58 222 148 247 120 209  36][  2  48 244 209 102 177 184   2 175  83 112 179 140 158 116  74 167  17
 151 149 130  84  38 208   6  24 154 234 149 196  33 209][ 29  88 107 199   2  18 239 208  33 224 119 166  91  70 187 228  62 229
 149 238 205 177  45 200 242 233 161 132 111 191  41 117][  2 144 178 152 247 165 184  66 158  89  88 179 140 158 100   8 207  27
 147 149 146  26   2 211  13  20 154 234 148  68  37 211][197  97 107 201 236  32 239  24 238 224  94  66 145 137 213 102  98  12
 127 250 193  33 167 208 102 169 163 172 103 147  81 224][ 31  91  75 167   2  18 239 240  36 192  87 230 121  71 183 228 118 229
 149 238 201 176  45 236 112 169 167 128 111 183  96 113][  1 105 249 192 228  10 205  31  90 242  60 202 147 141 213  45  30 220
  21 252 201 120 165 152  98 216 231 172 101 248 113 105][  6  17 150 229 229 102  60   7 171 147 106  16 204  59  12  26 143 119
 177 145  16 248 146 192 143 255  94  71 130 112 129 130][182 184 161 179 135 109 173 195  18 246 153 211 148 191 105   9  93  91
 147 147  75 216 216 128 141   0 239 182 181 104  21 251][  0   0 252 229  52 130 121  48  87 225 183  18 243  43 152 104  54 196
  61 136 160 252  33 111  74 175 178 208 229 137  96  33][124 177 240 226 215  72  86  69  99 165  47 139  15  31  76  16 178 157
 149 112  90  58 153 128 187 197   5 103 231 174 212   2][ 39  45 225  73 244 182 235  80  75 201 121  66   8  96 181 228  88 108
  18 252 145 178 236 200  15  60 131 164 199 239 114 228][ 82 162   6 160  11 201 184  72 139  53 129 139 204 142  42  10 164 145
 251 177  18   1 138 209 149 208 138 119 128  14   5 194][  2 177 150 140  45  39 144  79 174 153 128   0 204 210  96  10 241   9
 123  48   0  67 146 216 153 150  95 126 144  32  35 131][ 31  88  98  70  66  26 123  80  65 224 247 166  91  13 187 116 126 212
 149 238 141 145  45 168 210 233 160 148 103 191  96 117][ 98 132 244 212 244  42 234  43 251 146  59  10  72 106  28  19  59 199
  21 161 176 104   8 207  62 158 207 204 197  98  67   8][ 54   8 196 179  20  42 202 128  57 179 179  26  75 106  77  27 123 197
  21 242  56 244  73 224 156 206 211 196 229 123  80   0][134   0 134 128  68 128 168  72 164  19 243  18  72 202  49  74 120 133
  51 147  34 183   8 198  20  34 139 196   5   9 113 128][ 66 252 180 179  61 132  90 160 139  56 176   8 238 218  68   2 135 115
 253  83 194 109 219 241 173 217  15 122  16  10   1  11][ 25 197 106 197 148  18 237 119 100 193 222   2  81  33 188  96 120   6
  31 184 152 185  37  14 106  47 166 196 165 136 240  40][194   0 102 128  68  34 232  64  77  35 211  18   8 138  61  72 122 133
  19 177 128 183   1 194  20  42 154 128 197   8 113 128][ 49  32 105 197  68  49 232  82  80 226 240  66  49   8 213 168 120 168
  22 137 141 182 228  27  20 143 187 160 109 168 122 172][  2 144 146 152  91 196 176  66 174  17  66  18 172 158  96  72 226  59
 155 145  18   9  18 209  21  48  90  75 144   0  37 146][ 61 144 236  85  52 150 113 184 119 221  54  37 122 127 206  43 253 112
 180 140 159 248 107 141  79 219 245  70 227 164  92 127][ 56   0 120 225 116 154  73  16  97  40 116   8  27  11 144  16  74 168
  23 168 136 178  96 140 198 201 160 192 103 136  82 161][194 164 150 156 124   0 184 107 154 146  48  24 204 234 116  11 151  65
  87  33  34 111 130 223  28  26  95 174 148  32  35 137][  2 189 148 152 236 133 188 231 142 154  24  32 172 182  97  11 197  91
 179 192  66  75 130 241  45  16  94 170  16  88 161 139][114  64 212 132  22  10 200  44  27 161 177  10 110  10  20  24 122 165
  53 225   8 234  65 220 152 190 219 132 101  11  99   8][194 128 214 148 124  34 184  47 155 177 177  26 204 138  52  11 147   5
 127  33  32 111 138 221  24  30  91 190  20  40  97 137][  2  32 146 156 124   2 184 106 155 169 145  26 140  46  48   2 190 117
  23 161  32 111 128 206  24  22 219 254  20  40   3 137][184 184  26 162  23   7  88  82  29  41 241  26  62 154  96  16 236 153
 151  17  42 191  17 247 211 221  26 114  80   8  35  11][128  33 122 225  44   8 237  17 228  40 126   2 145 137 209  98 102  12
 127   8 210 176 165 194  70 233 162 128 101 202 113 169][  2  61 146 134 111 165 188 103 142 170  89  34 172 190  96   3 204  59
 147 131  80  90 130 232  57  16 207 170  16 106  33 139][109 160 128 188  93  89 193  57 210 196 180  12 225  96  74 167  89  96
 202  44  41  99 114 157 205 215 199 125 154 172  94 228][ 96  64 253 225  52 138  73  30 118 169 182   2 211  11 144 104  90 132
  61  88 138 244 101  29  70 175 178 208 101 137  64  33][ 54   8 196 243 132  42 202 136  43 177  51  10  75 106  93  26 123 197
  53 242  26 244  75 224 158 202 195 196 229 171  80   0][184 205 102 229 212   2 108 247  97  48 254   2  51  41  48  67 104 198
  55 232 248 185   1 175 126 233 230 196 103 152 240 136][ 91 134 158 172  22   2 185  43 156 133 130 179 109  34 178 194 103  53
 187 173  36 201   5 206 152  39 219 133 165 164  57   8][ 94 154 142 150 151 198  37 176 188  79 214  39 108 230  43 201 113 227
 172 129  61 201  48 237 217  39 254 129 168 100  45  91][156 158  46 154 157 245 183 254 148  78 220  55 104 244  42 229 121  42
 130 163 247 171  58 191  99  71 190 195 187  92 188 215][139 212  58  26 184 181 159 247 156  75  93 181 188 220 170 229 207  59
 147   7 247 143  44 191  98  87  58 194  22 220 181 253][  3 149  29 155 178 169 173  55  28  83  81 245 244  70 170 105 150  43
  18   5 179 152 103  93  36  50 122 128  28  72 129 253][ 98  49  16 188  41 229 152   9 139 128 161   8 172 222 100  26 132  49
 249  33  18  67 210 217 145 240  11  59  16  40 135   3][185 167  64 200 213  51 207 107  87 134 124   2  35  33 243 133  89 138
   2 172 126  58 100 159 122 205 133  45 119 236 120 140][252  76  98 230  68   2 238 208  65 162 178   2 107   9  81  27 104 196
  23 226 232 119   9 170 118 233 229 132 103 187 114 136][ 22  32 240 241 166  33 216  25  91  51  49  18 207 203 124  11  63 137
  23 179 138 116 202 208 134 216 203 172 183 233 208 129][166  64 214 156 100   2 220 136 153 146  49  18 204  74  61  75 222 229
  55 227  32 231  10 192 128 186 219 140  21  57  97   1][166 133  32 154 205 193 140 233 130  86  25 139  64 236 126   1 217 139
 179 231 114  99 138 213  57  16 207 239  21  78 244 218][162 241 162 158 203  64 188 237 146  84  73 163  40 238 126   3 126  91
 179 131  82  74 158 209  49  32 206 175  21 124 183 218][ 35  64 224  79 100  24 174  70  90 226 124   2 160 136 247 228 217 108
  18  13 197 182 228 170  38  60 158  40  93 126  90 140][147 204 239  87  22  19 175 182 124 115  86 146 113  44 180 101  63  70
  18 239 225 252  45 255 108  14 254 132 133 176 113 252][195 220  13 159  10 137 184 174 174 114  18 231 180 142  50 195  39  69
 251 199 199  92 143 117   4  33 126 164  28  20   9  93][ 54 237  96 226 212 130  78 228  97   0 120   2 107  72  61  16 121 203
  21 227 202 178   8 255 186 200 135 196 101 186 114 136][227 133  68  28 108  24 108  59  89  81  87 222 104 104 190 247  82 134
  54  44 247  58 207 213  54  58 192 204  31 140 216  28][122  75 216 254  41  96  86   2 133  15 252  41 239 255  33  80 218 243
 165 130   8   3 194  41 211 245 232 155 240 123 102  67][  7  27  23 143  46  51 180   3 204  90  91 229 172 140 165 207 198  63
 170   7 133 240 103 192   4  50  90 138 156 127  57 213][ 64 132 249 229 124  42 235  50 112 171 126  88 243  35 144  50  10 164
 117 168 176  56 225  47  76 175 240 192 101 137  64  33][ 99 135  68  76 120 144 106 155 173  21 255 212 104  66 190 212 103 130
 190 172 190   3   7 213  50  62 130 205  62 132 248  21][ 82 248 148 179  25 205  50 166 171 185 162   8 174 158  76   2 161  87
 249  81  66  77 155 241 153 209  31 119   0   2   5  10][118  19 246 174 173  18 214   9 203 137 155  99 106 184 191 202 248 199
 172 129 156  35 139 200 146 118 202 147 149 126 252   7][ 37  22  23  29 236  97 165  83 204  94 123 229 224 228 167  77 207  10
  10  46 129 179  97 217  36  50 114 138 220 249  97 245][ 83 143 212 200 251 182  74 218   5  25 220 246   8   7 172 245 103 210
 142 188 155  11  67 253  50 124 130 206  26 197 168  21][ 98 133 196 132 220   8 238 173 139 128 185  10 238 106  84   2  58 227
 127 227  88  41 202 201  60  28 143 188 101 106 211   8][160  33 249 247 228 135  77  23  82 168 118  72 183  31 209  40  22  62
  23  24 193 250  97   8 103 139  52 160  68 216 194 169][ 36  23  23 220 228  35 165 127  77 174 185 231  96  97 173  13 220   2
   6  32 145 227   1 220  52  26 243 130 221 248 240 145][ 76   3 226 230  45 115 210 144 198  41 159  98 201 249 187 234  88 116
 191 203 140  33 111 144 194 125 235 159 150 255 124   7][218 241 146 240 189 196 112 133 171 153 162  16  14 187 104  18 160  85
 253  80  18 237 146 194 187 249  30  87 130   0 161  10][140 107 134 179 229 248 120 133 235  85  70  20 233 194 219 142  40  42
 162  92  22  84 182 225 134 241 210  65 130 157 205 196][116 132 196 149 212  34 234 171  59 147 187  18 106 106  28  90 123 229
   4 161  56 114  73 207 188 142 223  68 229  99 242   0][124  48  90 224  19 199  83  64  33  33 229  10  31 159 104  16 178 157
  21 114   8  19 152  20 211 201   3 111  48   3  39   2][  2 179 180 152 235 229 184  67 142  89  16 181 140 158 102   8 135  27
 179  21 150  74   2 209  15  18  94 235 148   4 165 215][ 54 105 196 247   4 130 108 144  19 178 115   2 107 107  93   9 120 236
  53 194  74 240 203 249 150 250 215 132  39 187 112   0][ 47 105  65  65 196 147 236 219  87 208 122  70  25  64 221 236 123 200
  50 252 195 240 101 208  44   8 135 196 239 252 120 164][ 90 252 112 243  27 192 186 160 171 244 130 163  44 223  78  82 163 213
 249 209  74  77 155 245 155 209 143 251  39   7  39  94][ 35   2 102 158  85 179 136 104  86   5  81 131  96 200 190 204  88  41
 131 245 150 186  14 221  10  38 219 193 149  47 252 196][130 145  48 153 174 168 184   3 190  25  16 179 140 158  80  72 167  19
 255 149 146   8  67 211 140  84  26 202 148   4 129  17][  6 143   2 155 206  48 190 231  20  22 218 247   8 174 123 203 111  79
 131 135 244 155  13 226  52  38 222 143 157  93 189 223][ 27  73 106 231   6  18  79  53  69 192 215 134  89  15 179 228 126 228
 149 239 205 144  37 140 114 233 174 128  39 182 248 124][103 138 228 150  86  16 170 168 155 149  16 231 232 104 254 203 127 225
 167 181 180 104 142 237  30  22 223 205 141  46 121 220][173 105 121  72 228  23 239 221  86 202 116  64  81 193 253  44 123  72
   6 122 195  54  44  82 117 141  37  44 211 250 227 225][194 129 144 177 166 168 184   3  62  17  18 146 141  14  16  72 166  19
  63 145  18 156  67 195 140 245 154 194 132   0 129   1][208 241 186  64  23 196 179 244 202  57  52  18 156 221 124 102 228  93
 189  81 195  63 184 227 251 185   7 111  64  26 229  59][ 45 133 106  75 116 191 227 248  69  73 127   2  91  73 190  36  24 200
  22 106 155 176  45 189 103 237  32 196 119 155  80 224][ 62 209 214 248 219 196  54 196 167  21 102   3  76 255 104  90 233  85
 179 208  80 217  26 224 123 229  94  71 243  22 165 218][ 86 125  34 154 131 225 148  71 157  86 201 147  44 254  35  73 227 187
 155 131  48 131  18 252 177  86 222 107 144 117 167 210][ 66 141 208 149 246 138 236  39 185 163  58  26 172  42  16  11  42 231
  23 129 112 248 128 238  44  54 222 128 197  72 131 136][150 204 220 151   6 168 202 170  59 146  48   2 236 106  89  11  55 227
  53 195  34 100  10 255 156 146 207 232  53  49   1   0][248  61 216 228 203  71  93 127  16 162 173  10  49 183  65  19  92 254
 151 226 120  90 248 136 255 201 229  60  35 250 134 186][100 201 192 134 220 136 174 237 138 128 184  10 232  74  73   2 122 225
  78 242  74  43 202 232 188   4 143  60  21  58 241 136][248  61 152 228 139  69  85  63 129 162 140  10 191 191  65  19 204 255
 221 226 120  75 210 136 243 193 237  61  34 122   4  27][192  72  61 241 116 174 121  22  52  41 118  80 151  27  17  88 132 165
 125  24 162 188  81  31  71 175  48  64 224 128  64  43][ 41 172 241 197 116  44 235  50 105 107 114  90 185  33 148 166  10 108
  22   8 177 188 229 239   4  62 240 128  79 129  82 160][167  71 102  26 221 179 198 204  87   5 124 143  64 200 191 140  88 106
 130  87 214 166  46 191  34  10 133 109 215  31 248 196][ 86 184 150 146  59 192 176 224 171 157 154  35  12 158 104   2 227 215
 255 209  82  75 138 225 153 162  94 223 129   2  37 139][116 251 120 192 246 139 199 185  67 160  20 238 147  64 214  36  86 252
   4 127 219  50 236 156 248 136  37 252 125 170 218  53][ 35  36 192  69  68  27 236 123  95 226 127  70 168  40 213 228 121  40
  18 172 197 184  69 218  46  12 151 132 111 238 120 140][ 38  79  34 154 223 241 150 199 150  70 217 147 104 204  55  73 201 107
 171 147 118  35  62 255  49  38 158 187 149  95 180 214][179  99  96 173  78  51 248  73   3 164 217 175  41 138  22   0  62 173
 245 231 140  23 135 221 146  96 139 161  39 143 120 196][ 22 217 166 154 139 196 150 229 141 213 193 131  12 254  34  72 236 251
 155 211  90  11  26 240 185  22 222 203 144 118 165  82][  7 177 237 137 234  27 185 220  14 113  93 236 157 132 250  40  31  25
  19 125 147 184 110  80  76  11 127 236 212 139 131 241][ 90 132 230 140  15  82 124  43 165 214 198 151  41 174  54  71  97 165
 185 160  44  15 183 206 155 103 219  15 183 100  45  94][ 15 148  52  90 185 149 158 248 159  91  84  49 236 252 190 101 221  19
 159  39 246   1 106 191 107  95  62 214 150 204 177 247][ 82  29 102  76 131 114  84  35 165 198 206 135  74  44  55 115  96 231
 173 160 236 137  53 202 179 114 198 131  39 116 116  94][ 67 130 228 148 124 146 168 106  90 241  80 215 236 232 246 130 251 101
  51 165 165 124 134 221  12  58 219 236 157  44  89 220][ 47 251 241   2 126 137 146 156 206 220 176 239 160 204 255 130 206  81
 238  87 199  35 206 177  46  93  37 254  93 159  89 221][ 38 224 244 202 172   3 220 205  91  51 145 154  76  14  92  10 223 219
  23 211 146 106  75 240 138 158 223 254 148 217 145   1][230  64 214 148 236  34 220 140 137 146  48  18 204 202 125  75 255 197
  53 227  64 101 130 192 144 186 207 156 133 121 225   1][ 54 248 228 216  29 245  88 139 151 220 144 143   8 220 119 120 221 185
 189 213 138  71 126 213  27  28 137 255 151  29 116  86][230 148 100 216  91 228 154 232 146  25 144  59  72 254  44  66 253 243
 243 177 178   3  26 223  25  54 139 255 149   5  38 211][  9  17 238  93 178  50 153  55  92 193  95 166 221  61 178 104  86 116
 189  61 145 208 101  12 226 111 122 208 134 157 145 113][ 24  12  96 127  22  51 234  58  85 162  63   2 121 105 149  33  63 226
  23 170 160 180  45 191  70 239 243 128 119 229  80 136][102 142 100   8 221 183 200 138  71 117 234 159   0  12  23  80 105 132
 235 181 190  15 101 215  31  46 144  93 149  13 116  86][112  27 217 238 114  40  82  92   3   5 120 235  39 239  33  80  94 251
 135  64  10  18 192  41 118 165  32 137 245 251   6 139][220 217 186 250 243 196 182 213 175 137 118  48  28 223  96  66 164 121
 255  80  82 175 146 226 123 249  38 203  66  50 165 147][  7  19 147 141 238  24 164  13 140  65  89 231 196 236 175 234 198  33
 106  85 149   3 230 192  36  52  46 138 156 126 161 213][182  74  98  88 219 242  88 207 119  87 230 183   9  14 183  88 123 153
 171 144 174 143 103 215  26 102 144  87 183 132 100  86][124  27 250 174  54   0  82  16   7   5 127 167 111 233 227  64 222 252
 165  67 140  50 203 169 242 229  32 139 183 175 124  67][  9  17 238  13 226  27 189  95  12  86 126 228 148 165 179 109  94  24
  50 108 209 176 103  80  70  59 114 132 222 254 165 241][165 173 251  73 228  27 231 251  94 202 124  66 145 224 245  36 123 106
  18  42 241 176  44  90 110  13 103  44  85 232 243 236][168 189 120 101 195  39 127 114  16 170 125  10  57  55  64  48  92 254
  23 170 248 218 240  42  79 201 229 168  35 226  66 171][150  25 242  25 131  80  48  75  87  87 228 183   8 158 231 125 107 137
 170 144  94 126  55 208  18  98  87  79 183 100  44 222][ 92  91 240 110  54  16 218  17  70 132  87 238 203 201 243 224  94 124
 189 115 156  32 205 136 242 237 171 137 118 175  93   5][ 84  40 220 188  54 138 232  11  58 144  48   2 253 234  17  25  51 161
  53 161   2  64 130  93 204 227 235 172 180  32   3   0][180   1 196 165   4   2  72  73  51 161 178   2 107 106  77  88 122 229
  36 208   8 242 201 200 154 238 199   4 229 168 114   0][198 120 150 150 254 167 186 228 152  41  83  58 236 222  40  10 142 119
 211 193  48 215 128 239  53  54 218 234 132  25 163 131][ 52 169 198 231   4   2  72 144   7 184 251   2 107  75  77  90 120 236
  36 194  10 242 203 129 138 248 197   4 103 170 112   0][ 90  49  24 236  31 205  18  73 139  40 169   8 190 218  64  16 160  49
 253  65  18  35 146 217 211 217  11  59  16  35 135   2][104 136 117 245 116 172 105  54 113  41 114  88 147  35 144  50  10 132
  53   8 177 188 225  71  69 190  48 192  98 137  66 161][ 66 232 144 158 124  33 186  76 154   9  17  24 172 234  32  10 206  67
  83 195  50  79 202 255  12  22 154 250  20   9 131 137][246  44 228 225 140 170 106 130 235 178 186   2  75  75  85  26  43 229
 117 146 138 246 203 194 154 200 133 196 231 249 114   0][114 164  64 196  20  10 202 232  27 161 186  10 106 106  28  16 121 205
  21 161  58  47 200 207 186 140 131 244 101 170  80   0][184 140  66 231  84  34 110 250  17 162 250   2 107 105  52  16 121 202
  23 163 104 190   9 191  58 207 133 132 103 234 114 136][242 204  68 245   4 136 108  55 161  18 122   2  43  42  21  83 104 162
  53 128 104 188  67 239 182 234 218 128  37 248 112   8][240 204  68 246  68 136  78  38  49   2 186  10 107  10  20  83 104 231
  21 226 104 190  65 239 178 234 194   0 101 184 112   8][138 182 166 185   5 217 120 207 239  95  76  21 175 206 118  78 161  11
 166  16  86  12 182 211 143 208 150  47 178  68  77 222][ 37 236 123 240 116 158 107 182 217 201  86   8 151 152 208 101 193 108
  20  91 195 188 228 132 172 216 164 196   4 154 210 229][146 165  80 225 150 139 202 175  31   1  57  18  79  74  28   0 123 139
  21 177  58 184   8 215 170 220 139 196  53 130 209   0][ 67 216  70 128 102  67  60 227  15 122  94 175  12 156 246  68  35 141
  55 199  85 154   7 209 116  34 255 199  63 172 185 215][  5  27 236 207 246  57 239  89  70 100 255 231 113  37 179  64  62 226
  47 206 129 176  45 121 102  45  32 128 253 235   9 241][ 48 137 196 149  68   2 232 103  19 177 178   2  40  42  80   3 105 199
  38 145 104 250  65 200 156   2 223   4   5   8 112 136][  6  24 185 210 203 199  31  81 159 238 165   6  48 215 103 124 197 185
  11 210  67   7  58 250  95  28 159  59 144  49  36 126][242  68 100 196  36  34 204  44 201 146 179  18  74  10  20  27 106 197
  53 227 232 108  11 221 146 186 195 132 101 169 112   0][ 68  72 208 134 108  40 236  66  27 163 184  26 204 170  89  10 123 199
  55 131   0 103 131 226 148  52 219  56 133 123  67 128][ 62 251  96 163  86 139 255 252   3 100  17 239  95  77 218   0  62 217
  23 247 195  56  77 189 252  65  45 228  61 158 145 217][ 43 180 112 249  40  17  92 154   7 250 148 171  41  95 221  35 199  25
 223 165 238  66 239 145  14  89 141 190  22 228  16  95][ 89 242  11 161  50 128  43 176  36 204 210 229 151 134 234  96  86  13
  92 119 207 145 229   4 168 193  42 196  44 135  33  89][198 121 116 216 234 133 152 139 159  88 176 170  44 222 125  89 215 185
 183 145 202  71  74 209  19  24 143 254 149 148  33  83][178  54 100  72   9  85  28  95 135 218 148 191   8 159 102 113 204 185
 223 133 206  79 114 152   3  88 157 191  23 108  84  95][ 29 217 238  67  50  26 187 144 100  81 214 165 219  29 154 100  70  20
 189  93 198 152 101 164 202 109  46 212 166 142  49 125][ 50   5 100 237 190  34 222  63 157 131 243 146  75  47  20   3  30 247
  93 162 184 233  65 204  34 254 208 208 247 253 208   1][226  26 228  25 219 242 184   7 119 119 224 183   8  12 119  88 107 179
 131 145 190  30 117 210  31  38 158  71 213  68 100 222][124  27 250 174 118 138  90  88   3   4 113 239 103 201 179  64 126 237
 135 247 142 178 140 169 114 237  32 168 125 171   8  25][  7  65 232  77 106  25 171  88 204  65  86 134 213 164 254 102 118   5
  58 124 209   8 231  64 108  44  46 140 213 170   1 245][ 34 134 228  25 248 241 184   7 223 119 120 179 168 142 246  88 207  35
 130 148 182  30 100 210  14  30 158 227 149 196 204 205][163 204  67 156 119 211 166 231  27  66  92 243  40 151 164 212  99 106
 147  76 117 158   4 255  54  60 152 163  63 140 248 221][195 162 244 152 251 241 184   7 223 111 176 179 172  10 166  88 199  35
 207 149  54  15 100 223  30  30  26 235 149   4 173  79][ 19  15 232  79  22  51 207 144   5  96 254 198 115  36 183 100 126 206
  23 238 139 186 109 239 176 172 170 128 125 251 112  61][  7  15 234  79  52 175 235  18  93 104 127 199 241 165 183 100  30 110
  23 238 131 184  44 235 100  60 170 128 220 251  89 121][122  33  98 172  75  99 254  73 129 228 141 131 105 207  47   0 122 189
 195 163  12   3 148 221  51 229 139  47  55  31 164 210][115 143  98 129 214  25 190 231  11  37 154 175   9   8 246 192 103 143
 143 133 212  27 133 247  58 100 138 243  21 140 217 205][227  97  64  69  68  58 232  79  73  32 246  66   8   8 151 172 120 140
  50 141 141 186 197 213  22  56 146  68  79 140 250 140]