[ 86 106 178 176 139 193 186  65 175 132 155 163  12 206 103  74 166  49
 235 147  86 133 130 224 152  84 143 203 133  55  45  87][  3  36  99 193 214  50 235  87 117 225  94 214  25  44 181 100 127 142
  22 188 177 184  37 206  44  46 182 196 175 204 112 253][126  99 230   4  75  18 184  64 233 132 183 239  72 206 254 150 110 165
 239 245 196 227 166 192  50 112 143 207 103 182  47 197][ 41   8 235  71 100  44 239  18  84  75 127  90 147  45 155 104  92 238
  54  14 201 180 228  34  70 175 240 128 231 251  80 233][126 121  50 166  23 212 158  64 137 196 157  11  44 222 103  34 170 245
 217  83  68  11 184 232 187  85 143 187   7  63  55  94][ 61  72 107  77  70  18 239  80  68 192  87 130  89  77 183 100 126 228
  23 238 137 177  36 172 114 233 163 128 103 191 112 240][ 70 121 178 214  79 209 178 192 137 132 136  43  44 158 103   2 170 113
 251 211   4  11 178 232 155  16  78  59 132  63  37 222][  2 106 246 158  99 225 188 198 159  22  80 163  44 206 103  73 238 123
 163 195  70 219   6 225  20   0 222 139  21  85  45 223][130 128 130 153  85 181 184  71  30  29  66  23 172 142 118 200 233  11
 147 149  54 156  18 215  13  22 154 195 144  12 189 222][ 73  20 187 196  71 116 249  27 122 203  94  18  28 255 126 104 247  29
  53 136 145  22 178 194  95 175  59 236 146 192  37 115][140 156  62 250 101 252 113 248 189  90 119  16  94 255  43 123 229  17
 151  42  32  37  58 199 211 251 114  15 210  97 101 243][ 11  61 121 225 244 180 251  23  25 201  92 230 189 191 242  32  55  59
  23 157 147 184  36 238 110 221 190 224 174 192 209 249][ 54   0  82 136  78   2 232  72 141  32 241   2  72 138  60  75 122 141
  87 163   8 183   0 192  16 168 202 132  69  11 113 128][ 26  20 240 236 203 112 156 111  11 167 172  35  12  63 102  66 239 147
 179 129  28  11 179 192 211 215 218  15 183  68 165 218][138 144 178 216  97 245 184  66 191  93  84  53 172 158 102 236 231  59
 191  17 151 141  50 209   3  94  26 203 146   4  37 119][ 54 137 114 195 102 136 248 208 109   0 177   2 169  10 125  64 110 129
  31 208 202  35  64 193 158 216 138 200 117 138 113 129][165  88 251  65 228 143 235 242  81 232 116  64  17 181 245  56  78 124
  22  94 193 190  48 104  79 153 101 160 211 185  66 241][ 74 153 190 252 235 212 180 119 171  93  92  33  44 191  34  98 165  51
 253   1 210  11 178 241 211 243 122 203  18  68 165 123][ 33 217 255 233 244 141 237 215 204  89 116  64 179  23 177  32  78  58
  23 216 195 184  50 224 111 153 118 128 214 152 193 249][165  73  97  73 228  31 239 240  85  72 112 198  19   4 181 173 126 200
  22 126 209 190 100 176   4   8 161 196 255 185 112 181][ 72  57 186 244 108 204  61  23 170  73  62  32 188 191  98 114 166  51
 127   8 130   9 178  97  71 253  62 139 128 192 133 123][ 58  56 180 197  47 119 152 115  15 253 214  63  44  61  86  39 140 189
 247   5 156 250 243 192  31  88 216 179  71  12  84  95][ 57 145 102 101 118  22 123  56  65 233 118  34  89  29 154 246  62 212
 181 237 201 184 165 140  70 233 160 196 103 166  80 107][  6 145 244 216 237   5 184  75 223 152 144  34 172 223 117  73 255  25
 183 177 194  99   2 208 159  26 207 254 150 108  33 147][ 34  48 180 200 111 119 152  91  15 248 148  59  12 158 118 104 206 157
 183 149 134  79 243 208  27  88 219 191  23  44  21  95][162 170 162 144 101 249 248   7 223  79  86 185 168 140 118  12 128  43
 179  21 150 189  34 195   7  84  26 195  70  12 221 222][  3  48 114 232 105  87 152  91  31 248 212 179  12 158 118 112 206  29
 183 149 134  75  51 208 155  88 154 191  23   4  37  95][ 18 137 114  88 211 209 176 103  93  65 126 162  40 188 166 228 102 187
 146 145  87 187  38 255  58   4  26 203 119  12 173 143][ 37  69  99  75 116  47 235  88  85  73 127 198  83  69 188 100  94 136
  22 174 185 176 109 159  36  44 160 192 255 139 208 244][ 50  56 224 209  11 213 152  87  31 125 212 183  40 158  86 125 204 187
 151 129 158 222 115 208   7  88 218 243  23   4  60 223][ 18 137 114 216 215 209 180 103  93  65  92 162  44 156 166 228 226 187
 146 145  87 154  38 255  62   6  26 203  55  12 189 143][  3 203  67 140  22 146 174 119   4  64  90 199  32 142 182 228 110  43
  19 205 197 154  36 237  32  40 142 128  29 156 177 221][ 54  72  98 238  84 130 206  80 197 128 241  10  75 200  53  80 120 224
  23 227 200 163  12 236 178 232 131 152 117 187 112 128][130  48 178 153 117 165 184  66 158  91  80  51 172 158  96  72 199  57
 147 149 130 156   2 211  13  22 154 234 148  12  33 219][ 57   0 107 236  84   3 203 120  68  64 245 194  19  13 177  48 120 168
  22 238 201 178  36  12  82 169 160 128 117 170 112 240][  3 217  99 140  22 144 174 103   4  64  90 230  32  46 180 228 110  43
  19 205 197 152  36 237  32  44 142 128  29 156 177 252][ 34   0  70 225  76   2 232  72  45  48 243   2   9 138  60  75 108 133
  95 161   8 179   1 192  22 200 202 196 101 138 112 128][ 33  73 107 204  84 146 239 244  68 192  94 194  49 109 183  96 110 224
  19 207 193 186  36 109  96  41 170 128  53 187 112 248][ 63   0  99 229   6  18  75  80  65 224 247 130  91  77 191 228 126 212
  21 238 137 179  45 140 210 233 161 132 103 191 112 112][ 35 203  98 140  86 145 174 228  68  64  80 231  40   8 182 160 110  43
 146 199 199 186   4 253  34   8 138 129  93  28 121 157][ 43  91  97 133 244  18 238  55  65 224 154 230  41   8 247 228 110 164
  22 253 205 186  69 204  62  60 166 128 111 188 248  29][  2 180 178 153 115 229 184  66  30   9  88  50 172 158 100  72 231  59
 147 145 146 156  18 215  13  20 154 235 144  76  37 155][  2 144 178 152  91 225 184  66 158  21  80 179  44 158 102  72 235  59
 147 145  18  15   2 209  25  22 154 203 149   4  37 215][ 54 249 226 146 223 209 190 229 139 213 144 171  12 220 110   2 238 249
 211 209  86  75 162 225  59  80 143 235   7  30 183 223][ 66  32  50 201 101 141 248   0 173   9 114   0 174 138 116  80 200  41
  95  16 130  40  82 193 135 248  18 104  80 136  83 128][ 63   0  98 225  38  18 218  80  65 224 247 131  75  13 188 100 126 156
 149 175 140 176  37 204 210 249 130 132 103 174 112 117][ 22  57 178 154 203 193 188  69 143 213  73 163  44 254 103   8 238  59
 147 145  18  75  26 241  61  16 158  43 149  94 165 219][ 61  72 106 228   6  18 111  80  65 192 247 130  91  77 183  96 126 228
  21 239 205 179  37 136 114 233 161 132 103 191 112 224][244   0  66 136  76   3 232  64 133   0 243  10  72 136  60  91 120 133
  95 227   8 183   0 192  16  40 138  76  85  11 115 128][  1 148 124 241  52 168 121  55 236  89 118  48 189  63 144 107  39  23
 127 152 178 184 101  69 206 171 114 192 164 128 193  41][ 59 211  64 172 118  27 222 248   5  72 180 239 107  72 190 148 126 193
 134 238 205  35  76 221 178 249 161 156 127 190  72  21][ 72  57 250 101 252 140 105  23 234 233  62   0 183 151 211  98 134 126
 125  92 146  56 242  32 111 217  54 224 192 128  65 249][ 55  75  98 140  78  17 170 200 133   4 216 231  96 232 191 196 126 233
  19 239 148   3   6 249  50  40 138 186  61 191 120 213][ 34 152 235 158  83 208 185 227 144 197  69 179 120 246  38 100 127 251
 147 129  53 219 190 239  93  38 222 203 181  36  52 254][135 234 226 154 214 147 190 198  30 135  84 247   8 200 254 128 127 107
 147 213 246 254  12 242  60  20 158 171 157  93 185 221][130 184  54 154 203 197 176  71 190  83  64  51 172 158  96  72 227  59
 179 145  82  29  18 241  17  16  26  75 144   4 165 218][ 53  64  99  76  84 131 235 112  69 192 117  70 113  64 181 100 126 168
  22 238 193 178  36 220  48  40 161 128 127 187 112 228][  5 249  97  65 108 141 107 184 111 120  20 232 145 149 212  36   6  24
  94  94 195  48 231  85 101  24 161 236  86 154 210 245][  7 215  66 139 150 179 186 206  30  65  91 231  72 200 182 192 127  43
 147 245 150 152  13 255  44   6 138 193 157  15 185 213][ 60   0  98 230   4  18 202  80  65 192 247 130  75  77 183 100 126 228
  21 235 136 179  44 200 210 233 131 132 103 175 112  68][136 132  59 248 244 229 249 119 157  93 124  49  60 159  38  65 231  59
 147  16 114  13  34 247 123 219  58 203  82 128 165 251][130 156  59 218 231 228 189 247 222  95  92  22  60 191  38  97 231  59
  51 137 227  62  50 247 119  63 122 138  18  80 165 251][ 39 173  99 139 244 179 170 248  85  73  91 198 192  72 189 164 126  10
  18 255 151 184 109 254  44  28 143 192 223 143 112 245][  3 135  67 139 214 147 174 109  76  64  91 199  72 104 182 228 126  43
  19 239 213 152  13 255  36  44 138 192  29  14 185 212][225 240 121  91 116 141 233 156 118  89 118 192 241 213 220 120  94 152
  54 220 163 244 111  53  71  62 177 196 119 137  80 249][ 11 153 167 157 225 252 172  55 184  91  90 228 172 190 180 239 231 107
 179 141 151 216 182 225   4  62 218 130 142  84 177 221][169 165 101  72  93 191 224 122 215 224 248  78 104 232 188 164  88 168
  18 188 175  58 126 223  31  92 129 108  91 172 120 188][218 154 142 183  34 146  58 234 190 182  18 167 237 166 163 203  39 119
 237 135  38 221 143 253 216 103 255 195 164  37  45  91][ 26 154 134 149  82 146 184 226 190 240 210 231 173 170 243 195 103 111
 191 197 166 217  15 253 156   3 255 193  12  37  41 221][  2  98 230 133  43  50 188  79 173 166 158 167 172 174 231  74 166 181
 239 165   4 193   7 200 150  22 223 131 132 116  45 223][251   6 102 156  95 178 232 106 221  66 208 215 105 232 182 197 124 172
 151 173 181 111  70 223  22 106 203 221  63 172 120 148][130   0   2 153 100 137 168  67  62  25  82 146 140 142 112  73 230   9
  51 145  18 220  67 209   4  16 218 192 148   0  33 137][120  49 250 228 115  90  82  87  35 165 126  42  31 191  66  16 178 159
 149  48  24 154 176 130 251 237  36 163 162 142 198  59][171  20 119  89  85 191 233  83  93  65 242  82 152  12 180 237 109 146
  18 156 179 188 117 214  23  26 144  64 223 204 240 188][  2 176 178 153 115 229 184  66 158  91  80  51 172 158 102 104 199  59
 147 145 150  28  18 211  13  22 154 235 144  12  37 223][ 60  49 248 104 245 239  83 216  99 232 108  12  27 253  73  48 216 220
 149 120  26  50 248  26 255 205  37 109 242 171  70 211][131  20  99  93 116 166 169  51  92 203  87 246 240 252 148  36  30  44
  18 173 177 188  37 223   4  62 171 128  79 164  81 245][ 13 155 236  87 102 146 239 184 118 244  87 166 121 111 219 103  55 124
  53 222 195 208  47 237  78 111 239 132 167 167  85 113][ 53  64 107  76  84 131 235 120  68 192 117 198 113 197 189  36 120 168
  22 238 201 178  36  28 118 136 161 128 127 171 112 240][ 41 189 123 111 116 158 111 115  81 136 125   2 115 125 176  48  94 186
  23  42 233 184 124  15 103 207 165 160 103 234  82 169][ 64 176 148 133  45 142  48   3 174  57  66   0 172 146   0  74 128  37
 106   0   2 216 211 197 141  50  26  82   0   8   1  11][130   0  16 153 102 169 184  66  62  17  82 146 140 142  96  72 102  25
  51 145   2 148  67 209   4  16 154 194 148   0  33 129][130  32  86 129  78   8 248  64 173  48 243   2  12  10  88  75 106 141
  95 179   0  55 129 192  20  16 202 160  69  10  97 128][ 61  73  98 236  84 146 206 112  65 128 244   2 107  73 181 100 120 232
  23 234 200 163  36 172 114 233 160 128 119 191 112  36][  3  75  67 140  86 146 174 117  68  64  82 198  48  10 181 228 108  99
  18 205 197 152  36 237  32  40 174 128  29 148 241 252][  9  49 236 109 110  27 249  24 231 224  87 166 217 141 211  98  54  29
 255 252 129 176 231 128  70 233 161 132 119 134  80 241][ 33 127 121  69 244   7 239 182  64 232 124 230  17  53 149  36  62 124
  23 252 193 184  37 124 111  12 165 132 103 179 112 249][ 53  72  99  78  84 131 235 112  69  64 117  70 113 193 181  36 126 168
  22 238 193 178  44 221  96  40 161 128 127 171 112 164][ 10   0  50 233  36 156 248   0 173   9 176   0 143 143  52  64 206  41
  31  17 146  41  32 193 135 217 154 168  22 140  67 129][130  48 146 153 100 172 184   2  62  11  82 176 172 142  96  72 231  59
 147 145  18 156   0 211   5  22 154 194 148   0  33 153][130  32   2 153  68 138 168  65  62   1  82  18 140 138  32  73 122  13
  34 144   2 148  67 208   4  32 154 192   4   8  33 128][137 213 237  87 230  50 237 183 112  83  94 246 217  63 159 105  55  86
  23 174 177 252  37 238 102  47 246 132 167 241 209 249][137  20 237  87 230  54 237 183 112 251  94 246 217  61 155 105  55  70
  23 175 177 252  37 106 102  47 246 132 175 240 241 249][141 223 233 119 246 114 255 183 116  99  95 246 217  61 154 105  55 214
 151 174 241 220 109 238 110 239 254 132 167 245 213 249][ 37   8 227 215 100  36 235  18  81 203 119 214 145  44 213 108 127 206
  54 143 145 190 229 226   4  46 178 128 239 235 112 253][ 53  72  99  78  84 147 203 112  69  64 113  70 113  72 189 228 120 168
  22 239 201 178  44 189  48  40 161 128 127 175 112 228][130   0 178 153 116 168 184   3 191  89 114  16 172 142  20  72 167  59
  63 145 178 156  64 215   4  62 154 194 132  12   1 193][146 143 110 189 146 128 157 103 132  20 210 183  37 175  34  65 110  51
 143 133 126 137   6 157 224  97 250 193  53 132 181  91][130   0  54 217 116 168 184   3 190  25  82  16 172 154  52  72 230  59
  59  17 178 220   2 213   4  62 154 194 132  12   1 137][130 148  18 152 211 229 184  71  30  89  72  51 172 158  32  72 231  59
 147 145  50 136  18 215   9  22  26 203 144  68 165 219][191 205 224 243 164  54  95 180  25 106  61 146  75 111 159 164 127 211
  21 238 249 180 109 234 238 223 164 132 183 247 208 125][226  64  64 225 108 168 248  87 173  24 178 155 140  15  84  91 238 145
 223 149  72  55  64 192 150 216 154 192   7 156 227 145][  2 207  32 136 150 145 158 231  70   5  88 167  40 136 182 192  74  43
 131 197 214  40   4 189  40   4 142 227  29  12 184 206][130 202 162 152  19 144 188  71 158   7  80 179  44 142 166 192 111  59
 131 149 118 158   6 255  48  38 158 203 149  20 173 223][130 160 144 153 228 173 184   2  62  27  80  16 140 158  96  73 199  27
  19  17  18  92   2 209   4  16  90 234 148   0   1 131][130 152 182 217 116 172 184   3 191  25  82  48 172 138  36  72 231  59
  51  17 178 156   2 215   6  62  26 194 148   8   1 137][130 136 146 217 117 172 184   3 191  27  82  16 172 158  36  72 167  59
 179  17  50 156   2 215   5  62  26 194 148   0   1 137][162   0 102 193  76  16 232  64 237  17 246  18 136  11 180  75 106 133
  95 137 128 191 101 192  22  56 218 128   7 140 113 136][ 60  64  98 230  20  18 202  80  65 192 247   2  91  73 189  96 122 164
  21 234 200 163  44 200 242 233 161 132 103 191 112  64][ 54   8  66 204  76 130 202  64 133 128 241  10  66 200  53  82 120 160
  31 227  72 163   8 204  18  40 131 152 117 171 112 128][ 62   8  98 236   4  18 202 112 193 128 243   2  75 201 181  64 122 228
  23 226 200 163  36 204 146 233 131 144 103 171 112   0][ 56  73  66 224  20   3  74  80  37   0 243  10  11   9  49  80 120 140
  23 227  72 179   1 204 146 237 130 144 103 139 114 128][ 62  72  98 236  20 146 202 112 197 128 246   2 107 201 181 100 106 228
  23 234 200 163  36 172  18 233 130 136 103 191 112 132][130 131  98 152 219 241 184 103 159  85  88 179  44 174  38  64 235 155
 147 129  22  10   6 215  26  38 154 203  21   4 173 222][  3  16  54 248 101 220 184  16 175  89 112  53 140 158 118 105 166  57
 183  17 150 156  50 209   7 120  90 202 150   4  33  87][ 60  72  98 204  20 146 202 112 197 128 246   2  43 201 181  96 104 224
  21 235 200 163  36 172  50 233 128 136 119 191 112  12][130   0 144 153 102 168 168   2  62  19  82  18 172 130  96  72 103   9
  19 144   2 156   3 211   4  20 154 192 148   0  33 136][  2  48 178 153 117 165 184  66  30  27  88  51 172 158  96  72 199  59
 147 145 130 156   2 211  13  22 154 234 148  76  33 211][ 34  48 176 209 111 253 184  82  13 125 210  63  44  28  86  11 174 189
 247 129 150 250 225 193  23  88 216 243  71  12  23 223][121  80  98 101 118  18 122  24  65  96 119  34  91  25 149 116 126 157
  53 235 201 176 165 141  70 233 160 132 103 142 112  33][ 59 203  66  12  82 131 174 244  37  64  92 231  41 195 183 148 126 232
  23 238 192 154   4 253  54  12 170 128  63 150 120 156][ 34  48 112 205 109   7 152  67  79 233 144 187  12 159 116  10 206  29
 183 145 144 123 193 208 147  88 154 178  22 140   5 219][  2 160 178 152 117 253 176  71 255  93  80  19 172 140 118  72 161  43
 147  21 150  45  34 211  31  22  26 203 210  12 253 223][ 60  72  98 236   4 130 206 112  65 128 240   2 107 201  53  64 120 224
  21 227 200 163   4 172 178 232 130 152 119 191 112 128][ 34  48 112 233 105 213 152  87  15 105 212 179  44  30 118 105 206 153
 151 149 156  30 241 208  23  88 154 243  23  12  37 223][ 18  48 112 232 107 149 152  87  15 121 212  51  12  31 118 105 238  25
 151 149 134  30 115 208  19  88  26 170  23 132  37 223][ 41  73 107 204  20 146 239 244  68 192  86 134  49   4 179  96 110  96
  19 239 193 152  36 108  96  41 174 128  53 184 112 248][  3 159   2 140 146 144 172 103   4  64  90 231  40  46 182 192 102  43
 147 133 245 136   4 207  32  36 138 130  29   4 169 220][  6  32  70 128  76   0 232  72 173  48 243   2   8 138 125  75 104 133
  95 163   8  51   1 192  22  24 202 132 101 139 113 128][ 54  72  66 236   4 130 206  96 129 128 241   2  75 200  53  64 120 160
  31 227  72 163   8 204 178 232 131 152 101 187 112   0][130 176 176 153 101 229 184  66 158  91  80 179 140 158 100   8 199  25
 147 145 130  92 130 211   5  16 218 235 148  12  37 211][ 55  83  99 172 118   2  75 112  65 192 115 230  91   6 183 116 126 173
  20 239 205 178  36 140 176 236 160 128 109 175  98 245][ 34 176 162 144  91 241 184  71 159  87  84 179 172 158 102  12 207  59
 147 145  22  94 114 211  15  20 154 235 151  12 157 222][  2 135  32 136 151 193 152 103   6   5  72 163  40 140  54  64  73  27
 131 149  22   8   4 213  40   4 158  99 149  12 180 206][ 63  83  67 172 118  26  75 112   1 192 113 238  91  78 177 180 126 173
  22 239 205 146  36 140 176 236 160 132 127 175  98 245][  6 144 182 217 229 172 184 147 255  25  82  48 172 223 125  73 230  59
 191 145 146 116   2 209   7  56  90 194 150 132  33 129][162  42 226 145 101 217 184  71  31 239  84 187 168 140 118 136 201  43
 131 149  22 254 230 194   6  20 158 171 199  76 221 222][ 29 137 236  87 118 146 235 184 102 240  87 130 121 109 223  98  54 244
  53 254 195 240 175 173  78 235 231 132 167 162  80 113][134 205  18 178 237 172 190 197 173  27  57  16 172 218 124  74 231  67
  95  83  82  33 138 243  36 216 142 234 148  95 129 131][198 253 176 218 237 244 158 245 155 222 157  61 236 255 111   3 135 115
 215 115 242 103 186 226 187  92  15 191 150 119 167  87][226  68  80 195 228 168 254  71 169  11 187 146 140  14  84  91 239 147
  95 147 120  46  64 226 182 156 158 144 133 217 243 153][  9  20 236 243 230  50 253  23 113 115 119 178  89  61 159 107 103 150
 181 140 177 252 101 128  70 235 246 132 231 220 248 249][188  68  98 239  84  34  75 112  81 194 255  18  91   9 185 113 120 172
  23 234 168 182  45 142 242 235 160 128 103 255 112 192][161 141 111  79 212   3 239 243  84 194 126  66 115  41 181  37 120 234
  22 238 233 186 109  46 110  14 164 128 127 250 112 232][ 90  22 142 173  58  50  56  59 174 225 219 229 205 230 130 194  55  37
 237 165 148 193 135 206 154 231 187 215 172 166   9  85][  3   4 103 133  54  50 168  51  92 227  91 214 220 108 156 229  55  37
  62 173 181 216  37 206  12  62 251 192  14 164  17 245][161 140 105  95 116 162 235  58  84  66 127  86 241  97 148  37 123 106
  22 172 163 252 109 255  78  46 179 128 109 168 112 172][  3 128  37 221  69 190 172  39  77  83  74  86 136  40  20 239 233  46
  50 141 149 184 117 197   5  58 218  66  95  76 249 140][130 176 176 153 100 169 184  66  30  19  80  50 140 158 116  72 239  25
 147 145 146  92  66 209   4  16 218 234 148   8   1 145][ 35 203  96 136  84 145 142 229  68  69  84 199  32   8 182 192  72  42
 147 197 198  42   4 189  34   8 142 193  31 156 248 204][130 149  18 152 211 229 184 103  30   1  72  19  44 190  32  64 239  59
 147 145  50 142  18 215  41  22 154  75 144   4 165 155][  3  16 103  93 116 179 169  16  92  75  83 246 216  92 180 108  94  44
  50 157 177 244 103 222   4  62 186 192 221 141 113 245][ 33 224 101  81  68 155 233 220  94 113 114  66 145  72 220 237  90 140
  54 220 195 244 239 213  12  24 227 228 127 136  80 228][  3 153 167 157 229 156 168 167 239  81  66  68 172 190  52 238 230  43
 179 141 151 152  54 225   5  62 222 130 142   4 177 220][  1 132 119 217 197 237 161  39 253  19 118  16 188 189  52 109  65  58
  51  24  51 188  50 213  79  58  82  66 210  72 229 174][118   0 102 230  68   2 202  80 193 128 183   2  75  73 189  35 122 133
  23 235 136 163  12 200  18 104 139 132 103 171 112   4][ 39 237  65 137 212 179 170 206  92  65  88 199 136  72 191 164 125  75
  18 253 167 186  69 254  46  12 143 196 221  31 249 156][ 56  53 122 224  83 122 115  87  33 101 125  42  27 159  42  48  58 156
 151  48  18 186 176  14 127 205  32  97  39 138 230 243][ 99 233 101  65 108 153 233 184  79 112 176 202 144   0 212 164  78 136
  94 218 195  56 231 213  44  24 163 236  95 140  82 172][ 26 156 251 254 211 212 191 246 150  79  76  19  60 255  38  64 111 251
 147 129  50 139  58 255 123  39 158 139 179  80 165 251][ 31  72  98 228   6  18 235 112  97 192  86 134  89  13 183 100 126 228
  21 239 137 176  36 168 114 233 163 128  39 183 112 112][ 34 234 226 157  86 147 184 236  30 148 208 231  40 136 246   0 126 105
 147 213 198 250  70 225  60  16 159 175  29  60 121 221][  2 153 146 154 243 225 184 199 158  21  64 163  44 222  96  72 239  59
 131 145  18 137  10 241  25   0 154 203 149  84 165 219][ 56 199 106 105 246  19 111 253   5  36 126 167  67   9 179   0 126 136
 135 236 204 186  37 157 114 201 161 197 119 170 124 201][ 72 145 158 248 168 172 120  55 175  25  92  33 189 191  32  90 135  51
 191   1  18   8 130 213 199 255 122 202 144 128 161  27][  6 106 198 158  66 129 186 192 158  22  82 167  44 206  39  73 110 123
 163 215   6 223  14 233  16  34 218 139 149  21  61 223][  2 149  50 136 147 229 184  67  14  77  88  51 140 158  98  64 237  27
 147 145  18 136  16 215   9  20 154 235 144  76 165 211][ 22 121 178 128 107 193 178  64 140 132 145 163  12 222 103   2 174  49
 251 211  64   3 130 192 152  16 143 171   5  63  37 215][ 61   8  98 228   4  18 202  80  65 192 247 130  91  77 183 102 126 228
  21 238 140 179  37 168  82 233 161 128 103 191 112 116][ 18 185 178 154 219 193 182 197 143  85 152 163  44 222  96  66 234  59
 155 209  82  11  26 241  57  16 142 107 149  14 165 218][114 185  98 136 223 209 158 237 139  68 156 171  44 222 110   0 254 179
 211 225  82  11 182 221  59  84 143 251  39  14 183 222][ 35  75  99 133 100 150 236  55 201 232 122 198 176   8 180 228 110 166
  22 205 197 184 100 204  36  56 174 128  77 156 249 157][ 88 249  58 252  91 196  49  87 169  25 116   1  60 159  96 115 164  59
 245  80  70  75 178 225 251 241  62 235   0   0 167 219][ 33  73 115  69 100 159 237 246  92 232 112  70 177 136 181 173  78 104
  22  92 193 188 100 232  36  24 182 128  95 185  80 237][  9 217 125 249  52 141 237 247 205  89  52   0 183  23  48  51 206  50
  23  88 195 168  50 117 239 153  54  64  80 152 193 248][ 58 129 240 228 219 112 152  67  11 101 156 163  12 191 102   0 239 159
 161 145  28  26 225 193 219 213 154 251 183  76 165  94][117   0 111 228  70   2 235  80  64 192 211 194  81  78 189  99 126 165
  21 239 137 179  36 200 208 169 171 132  45 171 112 240][  7   3 230 153 214 178 184  65 156 197  87 231  72 234 183 204 126  45
 179 149 148 209   7 204  30  38 203 195 141  46  57 213][165   8 227 215 100 152 233  16 121  67 119 214 145  12 149 236 126 236
  54 142 161 254 228 226   4  58 242 128 207 169 112 245][156  24 190 254  73 244 121  80 157  90 117  16 124 223  33 105 229  49
 179   2 160  37  58 211 211 223  82  11 210  33 101 243][  3 174 230 158  94 176 184  99 140 133 219 167 104 234 190 194 127 233
 179 149 148 203 134 205  28  38 203 201 133 102  57 196][167  79  98 159 212 178 174  69  84  66  88 199  96 200 183 196 124 106
 146 231 228 178  12 239  34  46 142 128 157 126 248 212][  3 132  99 193 214 178 233 119 117 193 126 214  25  45 180 100 127 142
  22 156 179 184  37 206  44  14 182 192 239 140 240 252][  2 128  22 153   3 228 184  66 174  29  66 147 172 142  34  72 228  59
 163 145  18 156  18 213   5  48 154  75 144   4  37 202][ 50   9 114 225  86 136 234  64 109   0 179  10  43  10  61  80 106 129
  31 225 200  51   0 204 150 252 138 144 117 139 113 128][  3  48 178 216 109 213 184  91 143  93  20  53 140 158 102 109 166  25
 191  17 150  79 178 209  31  88  26 239 150   4  37 255][ 54   8  98 238  84 130 202 112 193 128 243   2  75 201 181  66 104 228
  23 227 136 163   0 236  18 232 131 152 119 171 112   0][  7 176 114 153 100 141 248   1 191  89 242  35 172 222  94 121 238  57
 255 149 134 184 194 209   6  24 154 226 150 140  65 213][ 60  73  98 226  84   2  74 112  97   0 247   2  27   9 181  80 122 136
  21 234 200 179   5 140 210 233 162 128 103 171 112 128][127   0  98 225   6  18 248  88 105  96 183 130  75  15 220  39 126 133
  21 187 136 177  37 192 210 216 138 132  39 142 112 101][ 60 121 122 226 117 215  94 112   1 232 117  11  95  95  35  16 188 253
 149 226  72 178  56 172 243 201 165 165  35 187  70 211][  3 203   3 140  20 144 174 119   4  64  90 199  40  10 178 196 110  35
  19 205 197 136   4 253  32  32 170 128  29  20 185  92][  2  50 114 232 101 213 152  90 143  93 180  37 172 158 246 109 206  25
 151  17 134  43  50 209   3  24  90 251  94  12  37 223][ 61  72 107 204  68  18 239  80  64 192  86  66 113  73 183  96 126 228
  23 238 137 176  36 168 114 105 163 128  39 191 112 224][122   1  86 236  54   2 216 112   9 168 242 138  75  15  52  16 254 181
  53 225   8 187   1 204 218 251 138 208 103 138 114  25][ 56  64  98 228  84  18  74 112  65  32 247   2  27   9 177  52 120 140
  23 234 200 179  36 140 242 233 160 128 103 171 114 128][  3 221  66 136 215 177 188 103  15  69  92 167  44 136 182 196 234  43
 147 149 214 152   4 255  62  20 154 195 159  12 185 223][ 61  72 106 196   6  18 239  48  68 192 214 130 121  13 183 100 126 228
  23 238 201 176  36 168 114 105 162 128  39 191 112 120][ 54   8 102 198  84   2 202  80 193 128 247 131  75 205  53  66 120 165
  23 239 136 163  12 204  18 232 131 128 103 175 112  16][130 144 178 152  97 212 184  66 191  89  80  49 140 158 100 105 231  25
 191  17 130  13  50 209   5  56  26 203 144   4  37 215][ 60   0  96 229  86  18 202 112  65   0 119   2  91   9 157  32 126 140
  21 234 136 178  37 140 210 201 162 128 103 171 112 128][114   0 112 224 100   2 200  72   9 128 176 138  11  14  53  16 126 129
  23 225 200  35   0 204 146 216 139 156 101 138 115   0][114   0 112 228  86   2 200  88  73 160 177 138  11  15  21  16 122 133
  21 225 200  35   5 220 146 216 139 148 103 170 112   0][ 58  65 114 228  54  10 216 112  73 160 243  10  75  11  52  16 126 133
  21 225 200 179   1 204 146 253 128 132 103 171 114   0][  2  48 112 193 108 129 184  66  79  41 176 186 172  30  84   8 206  61
 255 145 146 254 193 208 150  24 154 242  20  12   1 155][130 176 178 152 125 253 184  67 159  95  80  19 172 156 118  72 161  27
 147  17  22  45  50 211  31  20  26 235 144  12 181 223][ 50  64 118 229  54 130  88  80  73   0 247 130  11  15  52  80 254 165
  21 233 200 178  65 204 146 248 136 208 103 138 112   1][  2  48 112 217 109 133 248  82  13 121 208 179  12  31  84  73 206  57
 151 145 130 190  65 208  23  88 154 234  22 140  33 219][130 176 162 216  97 253 184  66 159  93  80 183 172 158 102 105 207  59
 147 145 150  77  50 209   7  16 154 235 150  12   5 215][  2 156  34 136 215 177 184 103  15  69  92 167  44 136  54 196 235  43
 147 149 150 152  22 223  58  20 154 203 157  12 185 222][  2  48  50 153 108 137 184   2 175  89  16  34 172 158 116  72 238  57
 223  17 130  41   2 209 132  24  26 234  20  12   1 201][ 87  65 239 197 134  34 239 144 228 210 158 198  81 108 189 110 127 196
  63 255 145 241 173 224  80  46 239 132 165 251 113 116][181  76 111  94  76  35 207 248 212  66 244   2 113  97 189 105  88 224
  23 238 233 183  45  46 114  43 225 128 119 251 112 224][  3   4 231 205  52  50 233  51  76 193  91 214 208 108 148 102 126  38
  62 173 145 184 101 204  12  62 250 128 141 236 113 116][  3 145 134 141 205  54 168  71  76 105 202   7 168 184  54 230 200   7
 250 133 149 185  83 193   7  60 218  67 152  76 249 158][182   0  70 130  76   2 232  64 129 146 241  18  72 202 125  11 120 133
  23 227  40 247 136 192  16  40 203 140   5  43 112 128][ 41 201 107 207   4  18 239  61  68  64  87 194 113  68 190 100 120  96
  18 239 193 176 109  61 100  41 170 128  53 186 240 104][  2 129  53 217 229 233 161   7 109  25 122  50 184  49 164 109 235  26
  50  24  18 184  99 213  13  62  82  67 210  72 197 175][246   0 102 194  68   2 232  64 137 178 147  18  72 202 124  11 122 133
  55 163 136 227 140 192  18   8 203 140   5  47 113 128][  7 205   2 137 148 179 170 238  22  65  90 199  96 104 186 196 120  43
  19 245 183 152  13 255  40   4 143 192 157  31 184 156][ 56 181 122  97 210 226 123  83  32  69 125  34  25 151  42  48 122 156
 147 184  18 186  48  12 127 237  32 197 103 130 230 243][118   0 102 194  68   2 232  64 201 144 179   2  72 202 125  75 122 165
  23 227 136 163   8 192  16   8 203 140   5  43 112 128][  2 216 191 216 125 197 185 230 223  29  84  34  60 159  36 108 229  59
  51 209  18  11  34 241  79  58 222 235 144   8 165 235][127   8 102 228   6  18 202  80 225 192 183 131  73  79 183  98 126 229
  29 239 140 179  44 200  18 232 131 132  39 167 112  68][  2 139   6 154 146 129 188 197 150  21  80 163  44 206  42  72 127  59
 131 145  50 136  10 245  40   6 158 203 148  20 165 203][  2 227  34 136  78 129 188 237  22 148 208 167  44 206 114   0 126  41
 147 213 198 219   6 209  60   0 143 233  21  28 181 220][118   0  98 228  68   2 234  80 193 128 179   2  74 201  53  18 120 229
  23 227 136 163  12 200  18  40 139 132 103 171 112   0][243  88  72 172  36  27 206  52  73  96 176 239 171   8 183 225 206 229
 148 239 237 174  68 188 162 249 168 176 125 188  88  29][  2  48 220 177 182 161 184   2 175  19  16 178 141  14  84  74 167  27
  31 145  18  76   3 209 140 219  58 226 148  64   1 129][130  32 194 145  70  32 168  66  30  19  80  18 140 138 120  74 107   9
  19 145   2 116   0 210   4  16 218 228 149   8  49 128][ 18 185  18 138 155 193 150 229 143   0 136  35  44 222 108   0 234  59
 155 209  82  11  26 245 185   4  14 107  17  14 165 155][ 60  52 122 224  82 226 123  64 161 133 127 163  89 223  35   0  62 189
 151 176  24 179  32 142  83 197 161 193 229 235  38 243][137  88 115  81 116 159 235  82  92 200 114  98 179 145 181 228 126 104
  22  92 161 188  36 174   5 158  34 128  95 185  81 173][ 41 193 117  73 149  77 109  53 237  17  39   0 147  19  60  38   8 130
  90 120 219 184 113 197 111 152 150  68  82 138 192 168][195  88 119 222 108 156 233 144 233  80 112  64 184 220 245 239 198  96
  50  78 195 116 182 225   5  56 194  10  30 189 113 109][  3 131 102 133 212  50 168  99  92  69  90 199   8 168 182 193 126  15
 179 165 148 216   5 205  12  42 218 193  13   4 185 212][ 34 142 166 158  95 241 154 230 150  87 200 163  40 236  54  64  73 107
 163 133  54  11  14 243  49   6 218 171 149  92  53 222][ 57 193 101  65 213  31 236  53  69 105 179  74  27   8 156 230 104 128
  94 108 217 185 117 132  55 120 132  80 127 142 240  44][  2 180 176 153 243 165 184  66  30   9  88  51 140 158  96   8 199  27
 147 145 146  24   2 211  13  20 154 234 148  76  33 147][131 163  70 129 214 147 168  71 110 113  82 215 140 138 246 236 110  15
 187 149 151 217   5 208  30   8 154 196  13   4 185 220][ 35 203  96 138  84 145 142 228  70  68  80 167  32 200 190 128  88  40
 130 231 198  42  44 189  32   8 138 225  93  14 248 204][  2 180 146 153 177 165 184  66  30   9  88  51 140 158  96   8 199  27
 147 145  18  24   2 211  13  20 154 234 148  76  33 147][ 11  72 107 204  68  18 239 180  64 192  86 198  49   4 183  96 110 100
  19 207 193 144  36 104  96  41 174 128  45 185 112 120][ 11 132  99 209 212 146 233  87  93  65  86 214  24  12 180 228 121  14
  18 157 177 188  37 206  44  46 154 192 239 140 241 236][ 35  72 227 221  68  28 232 144  89  80 114 198 152   8 213 239 108 236
  50 207 133 254 247 224   6  56 210 128  79 157 112 252][  2 180 146 153 181 165 184  66  14   9  88  48 140 158  96  72 199  27
 147 145  18  24   2 215  13  20 154 234 144  64  33 147][ 86  98  50 128  43 193 186  64 141 132 144 163  12 206  99   2 238 177
 207 227  64   3 130 192 144  16 139 187   5  55  37 195][ 86 112  18 160  59 193  50  64 173 160 129  43 140 222  97  64 242 177
 219 243  64   3 152 208 177 208  11  63  16  51  39   3][  3 114 198 141  78  18 184  72  14 212  80 231   8 138 247 139 110 109
 179 215 196 215 135 192  20  32 218 128  13  61  57 221][  2 181  18 136 179 229 184  67  14   9  88  35 140 190  96  64 199  27
 147 145  18 136  16 213   9  20 154 235 144  76 165 211][ 34 203  96 138 212 145 142 229   6  69  80 167  32 140 182   0  72  11
 131 197 214  42  12 253  40   0 142 225  85  14 252 204][210   0 100 193 110   8 248  72 233  48  16 154  12  14  92  11 110 145
  95 161 128  97 135 192  22  24 218 174  37 132  83 129][  6  74 150 158  18 128 184 192 190  21  82 163 108 206  35  73 102 123
 163 211   6 221  14 253   8  34 218 131 148  23  45 203][ 35 203  96 138  84 145 142 229  70  69  80 135  32   8 182   0  72  42
 147 197 198  42  12 189  42   8 142 225  85  30 252 204][  2 180 146 153  52 161 184  66  30   9  88  48 140 158  96  72 199  27
 147 145  18 152   2 211  12  22 154 194 148  64  33 131][ 34 135  32 136 215 209 156 103   6  69  72 163  40 140  54   0  72  27
 147 149  86   8  36 213  40   0 142  99  21  12 180 222][130  32 240 145 102 137 184  64  30  19  80  18 140 138 112   9 110   9
  19 145 130  84 194 208   4  16 218 232 149   8  49 129][130  32 240 145 102 129 184  64  30  19  80 146 140 142 112  11 239  25
  19 145 162  84 194 208   4  16 218 238 148  12  33 129][  2 176 144 153 112 165 184  66  30  27  80  48 140 154  96   8 199  27
 147  17   2  20   2 211   4  22  26 234 148   8  33 129][130  48 112 145 110   0 184  66 154  19  80 178 140 142 116  11 175  25
  51 145 162 116 130 192   4  24 218 170 149  12  33 129][194   0 102 129  70   8 168  64 137  50  17  18   8  10 124  11 110 129
  51 161 160 119 128 192  20   8 218 164   5   8 113 128][ 31   0  98 229   6  18 202  16  97 224 215 130  89  13 189 102 126 196
  29 239 140 177  45 200  82 233 163 132  39 167 112 116][  3  77  43 140   6 130 173  55  36 192  90 198  49   6 182  96 110  35
  19 205 193 152  36  77  32  40 174 128  13 176 177 124][134  32  70 128  76   0 168  72  44  48 243  18  72 138 120  75 106 141
  51 177   0 243 129 192  20   0 202 132  69  42 113 128][  2  52 146 153  52 165 184  66  30  11  88  50 140 158  96  72 199  27
 147 145   2 156   2 211  12  20 154 234 148  72  33 131][ 54  72  66 140  76 130 194  96 133 128 241  10  34 200  53  66  72 224
  95 227  72 163   0 236  48 168 139 152  85  59 112 128][130 144 178 152  97 132 184  64 175  25  80  49 140 158 100  73 231  25
 183  17 130   5   2 209   5  24  26 202 144   4  33 147][  2 176 178 152 219 241 176  67 158  85  72  19  44 158 102   8 235  27
 147 145  22  15  50 215  25  20  26 107 145  68 165 214][ 56   0  98 229  20   2  74  80  65 128 247   2  75   9  53  80 122 140
  21 171 136 178  65 140 210 249 128 128 103 171 112   0][  2  48  16 145 100 173 184  66 143  25  80  50 172 158  84   9 238  57
 151 145  18 156  66 208   4  24 154 226 148   8   1 145][  2 180  50 152  95 229 176  67 158  93  72  19  12 158 102  72 229  27
 147  17  18  47  18 211  25  20  26 107 144  12 165 211][130 176 178 216 109 229 184  66 159  95  80  23 140 158 102  72 197  27
 147  17  50  15  18 211  29  22 154 235 144  12  53 211][  2  16  48 216 101 213 184  64 143  89  16  51 140 159 116  73 206  57
 151 149 146  12  34 209   7  88 218 235 150  12  37 211][  2 130  34 152  87 241 184  67  30   5  88 147  44 140  54  64 239  43
 147 149 150 156   2 215  11  22 154 235 149  12 181 215][  2  32  50 136 108 137 184  64 174   9  16   2 140 138 112   8 238  25
  31  17 130  41   2 209 132  16  26 170  20  12  33 137][ 49  73  75  78  86 131 238 112  68  64 118 198 113 201 183  36 126 232
  23 238 205 178  36 237 114  41 162 128 127 187 120 216][130 176 162 145  71 225 184  67 158  87  80 179 172 158  98   9 207  59
 147 145  50 220 210 195   5  22 218 235 148  12  21 218][ 61  73 238  77 140  50 239 248 196 130 254   2  83 105 181 106 120 228
  54 234 201 163 103   8  98 175 229 148 247 251 112 160][219 133  67 164  50 178 104  51  48 193  91 215 221  46 146 240 118 175
  61 173 189 152 197 142 156 101 170 192  44 132 187  85][219   0 193 173  28 178  72  26  86  65 219 214 243  76 144 232 120 165
  61 157 191 148 231 143 148 111 186 208 189 141  56  84][ 56  53  82 236  83 195  82 105  33 128 121 170  47 223  40  16 250 185
 149 176  26 146  16 141 243 197   0 107 103 134  38 146][230   8  70 134  76   2 234  64 129 128 243  18  72 200  53  75 104 229
  23 227   8 243 138 200  16  40 203 136   5  43 112 128][118   8 102 206  76   2 202  64 193 128 179   2  64  72  53  67 104 228
  23 227 136 163  12 232  18  40 195 152 101 191 112   0][ 54  72 102 206   4  18 202  80 197 192 247   2  99  73 181  98 120 228
  21 235 200 163 100 232  50 232 128 144 103 191 112  12][163  72 101  81  44 153 233  16 222 112 210  82 179 136 149 237  74  40
 126  79 131 244 103 177 132  88 242 144  95 157  80 236][  3 141  33 137 148 131 143 238  68  64  90 198 112 104 180 228  88  66
  18 237 213 152 101 191  40  46 175 196  29 138 240 124][  0 147 252 217 242 137 177 183  62  29 116 245 172 163 166  72  39  27
 167  16 146  24   2 117  78 151 118 195 144 128 141 139][119  72 102 198   4  18 202  80 225 192 151 130  73  76 181  99 126 228
  29 239 140 163  36 232  18 104 131 128  39 183 112  68][  7  56  51  91 119 183 163  80  93  72 121  66  48 220 181  44 252  56
  18  26 131 180  52 255   5  60   2 130 213  43 115 229][136 249  94 121  96 140 121  21 171  25 118  32 191 147 224  89 134  58
  38  88  66 252 162  97  70 185  52  72  66 128 195 169][118   8 102 196  76   2 234  64 129 128 179   2  72 202  53  67 104 229
  23 227 136 163   0 200  16  40 203 136   5  59 112 128][115  89 101  76  79  84 206 108 193  64 244 202  40  28 181 247 108 240
 178 234 193  35 118 232  55  56 194 170 127 191 116 252][ 18 163  18 136 202 193 158 109 134   4 152 163  44 206  96   0 110 187
 143 193  82  11   2 213  56   0 143 255  21  14 181 219][  2 145  22 152 171 133 184 231 158  25  16  48 172 190  96  73 199  19
 191 145  18  73   2 213 137  22 218 250 144   4 161 219][  2 164 148 153 182 161 184   2 158  17  24 146 140  14 112  73 231  27
  31 145  18  72   3 208  12  18 218 234 148  64   1 129][128  32 146 145  70  32 168  66  30  51  80  18 140 138 120  72 107   9
  19 145   2 244   1 210   4   4 154 100 133  72  33 128][118   8 102 196  68   2 234  64 225 128 179   2  72 200  53  66 104 229
  23 227 136 163   0 232  18  40 203 128 101 171 114   0][  7  28  62 218  87 183 185  82  94  75  85  18 124 221  54 108 253  59
 147 157 179 148  56 223  75  15 154 194 151   9  53 243][  7  26 183 155 179 247 185  83 158  89  83 246 188 220 167 236 231  59
 147  21 151 145  54 213  13  30  26 194 158  13  33 245][167  88 227 158  94 192 171  72  22  70  64 166 112 198 183 108 122 104
  18 239 195 134  62 251   0  38 139 138  29  63  52 252][ 82  78  88 185  34 169  60  86  44   6  88 167 173  15  35  72 166 187
 143 129  66  28   1 115 214 197 122 171  52 208   5  91][161  66 104 142  76   3 239 121  86 230  85 198 113  73 187  73  88 168
  38 239 200  54 111  25  84   9 225 168 117 186 120 232][  2 142 166 158  29 177 136 106 134  85  89 131  96 236  54  65  88  43
 163 133 150 170  14 221   8  34 202 201 149  78  60 198][114  66  98 164   2  66 222 100  33 132 144 171  15  14  55  16 126 213
 213 231 204 163 132 200 176 192 138 159  37 182  54  93][162 175  96 154 213 241 142 231  86  71  88 151  32 236  62   0  89  43
 131  71 246  42  44 191  40   6 159  97  85  94 220 206][  2  52 144 153 242 161 184  67  30   9  88 178 140 158  96   8 199  27
 147 145  18  24   2 210  12  20 154 234 148  76 161 147][  3 204 103 209  84 146 233 151  93  65 118  82 184   8 180 236 107 170
  18 152 179 188 101 247  14  46 178 192 199 136 240 236][ 99  67  98 140 108  16 204 109 193  64 145 207   0 136 190 194 200 132
  95 231 204  35 198 204  50  56 138 188  93 190 248 148][ 82  98  34 128  74  65 186 192 172 132 146 171  12 142  99   2 110 145
 207 243  64   3 128 192 144   0 139 191   5  23  37  91][  2 149  48 136 179 229 184  67  14   9  88  35 140 190  32   0 207  27
 147 145 146   8  16 213  41  20 138 226 144  12 165 211][163   4 103  76  84  51 160 127  84 194 120  82  64 104 180 228  88  40
  18 169 181 190  37 158  34  46 130 192 223 172 240 164][  6  18 134 156  18 130  56  72  22 135  82 231 104 234  59 201 126  41
 163 149 134 212   7 221   8  38 219 128 156  37  57  20][  2 132 144 153 180 161 184  66  14   9  88 128 140 150  96  72 199  27
 147  17  18  24   2 211  12  20 154 194 148  64  33 129][  2 181 176 136 179 229 152  67  14  73  88  35 140 190  96  64 205  27
 147 145 146  10  16 213   9  20 154 235 144  76 165 211][130  32  48 145 110   1 184  66  24  51  80  18 140 138  80  11 111   9
  19 145 162  84 194 192   4  16 218 168  21   8  33 129][ 60   0 106 206  68  18 235 112  68 128 119   2  81  73 189  96 120 236
  22 234 200 178  44 140  82 169 160 128 119 187 112 160][130 176 178 152 107 229 184  66 158  91  80  19 140 158  96   8 165  25
 147  17  18  15  18 209  25  16  26 235 144   4  37 211][  2  32  80 129 102 137 248  64  45  49 114  10 172  10  80   9 238 137
  31 145   2 186 192 192 148  16 154 224  68   8   1 129][ 50   0 114 228  54  10 200  64  97   0 242   2  11   8  53  80 122 173
  21 161 136 178  65 204 146 232 130 128 101 168 114   0][  3  75  66 142  20 146 174 228  68  64  80 199  40  72 183 196 108  98
  19 207 197 184   4 253  32  40 138 128  31  30 121 156][  2 166 162 152  87 229 184  67  30  77  88 147 172 142  34  72 237  27
 147 149  54 140   2 215  13  22 154 203 148  12 181 211][  2 176 162 153 117 233 184  66 158  83  64 179 172 158  98   8 207  59
 147 145  50 220  18 211  13  22 154 235 148  12  21 210][113 141 225 205  28  51 203  59  86 226 218  66 115  40 149 100  88 198
  60 169 137  42 101 155 152 238 227 148 117 234 112 108][125  12 201 185  84 178  72  18  86  97 211 215 147   8 144 248 125 172
  53 157 175 214 197 142 214  47 186 192 189 201 120  16][ 40 124 122  73  83 247 243 218 102   8 124   2  56 211 173  32  60  88
   2 104 130 178  56 127  71 173  32  40 115 139  98 171][  7 134  75 185 240 162 104  19  52  65  91 213 145   7 154 217  87 143
  23 189 183 144  69  84  78  63 186 196 172 196 186 209][230  72 102 158  76   0 170  64 192 128 241   2  64 200  53  75 104 224
  51 227 160 231 138 232  16  40 203 136  85  59 112 128][ 60  14 226 168 117 173  90  80   7 140  89  15  15 205  51  88 216 168
 135  23 142 178   0 154 215 245 128  41 182 239  84 194][133  12 251  89  52 169 233  18 254  75 127  80 183 136 181 108   3  40
  62  24 163 180  32 242  68 188  50 128 212 201  81  37][ 59  73  98 238   4  18  78 180  69 192 214 130 123  77 191 100  88 228
  29 239 204 129  45 169 242 105 166 128  39 191 112 108][136 120  30 250 112 132  56 210 191  27 116  48  60 155  33  88 166  57
 166  80  34 207   2 119  83 223  50 138  16 129  35 139][  2 243   2 137  76 129 156 109   6   4  81 231  40 142 114   0  76  41
 131 197 194  27  66 213  52   0 142 233  29  14 188 152][ 11 134  96 185 118 179 248  59  93  70  94 135 105 104 182  69 127 163
 151 173 244 184 101 223  46 127 227 197 119 172 120  77][186 149  98 248 215 227 154 111  21  65 220 179  73  61  44  33 127 187
 151 161  56 154   4 223  59 103 152 199 183 204 180 210][  2 139 100 186 242 129 158 183 159  21  16 167 172  14  38  65 231 139
 135 213 182   8  14 245 174  86 158 203 181 140 165 205][210 216 130 186  27 228  26 192 151  11 209  51  44 222  33  72 237 185
 159 145  42  15  26 243 145 246 154 251  17   5  37  91][130 216 148 154  59 197 152 198 158  25 144  51 172 158  96  64 197  19
 191 145  50  15  26 247 153  22 158 250 144   4 165  91][  2  36 148 145 150 161 168  66  62  51  80  18 140  10 112  73 107  11
  19 145  50 216   1 210  12  20 154 228 148  64  33 128][199  27  18 186 170 148  56   1 191  89  83 245 140 222  98 201 198  33
 191  21 183  13 130 208 136 113  10 202 156   4 169  85][162 139  97 141  76  67 143 104  86 102  84 170  48 132 183  37  88 232
  19 239 193  58 103 185  84   8 233 172 119 189  84 244][  2 158  36 154  31 229 144 230 150  93  89 167  44 252 122   1 205  27
 147 145 146  72  26 245   9  22 158 235 149  78 149 223][130  36 144 145 182 161 184  67  30  19  88  18 140 138 112   8 239  27
  19 145  18  28   0 210  12  20 154 224 148  72 129 129][  1 200 103 217 116 174 233 150  93  81 118  82 184   9 180 109  75  42
  19 152 163 188  37 255  15  30 146  64 215 136 113 172][ 60   7 106 236  86  66  94 121   1 132 249 163  83 111  48  80 126 185
 149 226  88 178   4 140 242 225 169 137  53 171 118 211][  2 181  32 146 247 165 152 199  30  89  25 179 140 156 100   8 207  27
 147  17 178  10  10 242  41  20 158 234 148  76 149 211][195   9 133 155  54 176 168   3 190  81  83 215 172  78 179 232 166  39
  63 133 151 152   7 245 132  54 218 192 156   5  57  85][126   7 104 172  20  99  74 104   5   4 248 175  99 109  51  80  92 169
 149 231 140  34  76 157 242 229 169 185 117 175 116  64][ 82  98   2 160  10   1 154  76   0 132 144 175  13 142  99  64 126 153
 207 227  72   3 128 200 176 193 170 187  37  55  39 201][  2  53 144 137 182 161 184  67  14   1  88 162 140 158  96  64 199  27
  19 144  18  24   0 215  12  20 154 226 148  72 161 129][ 35 132 103 221  84  19 160 103  84  65  82  82   0  40 180 229 105   4
  18 169 181 188 101 206  46  46 210  64 223 140 240 172][  3   2 134 157  20  22  40   8   6 217  82 199 200 202  51 200 116  45
 187 213 133 208   7 204  12  50 218 192 156   5  57  20][  2 133  18 137 178 161  56   2  14   1  88   0 140 130  32  64 199  11
  19 144  18 152   1 213  12  20  26 194 148  64  33 129][147  15  38 158 140 146 142 107 148  22 201 135  97 104  51  67  73  98
 187 167 108 229  14 191 160  98 207  17  21 124 184  76][  2  53 144 139 180 165 184  66  14   9  25  32 140 190  96   8 199  27
 147  17  18   8   8 208  12  20 154 234 148  78  33 147][ 58   0  98 236   4   2  72  80  65   0 242   2  11   9  53  80 122 140
  21 160 136 178   1 140 146 233 160 128 103 170 112 128][  2  32  82 145 100 137 248   0 173  17  80   2 172 138 112  75 238 169
  23 145   2  48  66 209 132  16 154 232  20   8  33 129][  2 176 130 153 117 225 184  66  30  85  64 179 140 158  96  72 231  27
 147  17  50 156  18 211  13  22 154 227 148  12  53 210][ 87  53 114 136  55 185 146  74 239 204 216 175  46 216 103  64 178 169
 223 113   6  35 132 216 144  84  11 187 253  79  57  71][ 33 232 123  73 116 155 173 220  94  72 116  64 176 200 180  36  26   8
   2  72 195 180  38  85  36  28  34  44  85 152  67 173][  7  43 195  73 218 177 170  66  46   5 250 230   8 142 245 172 110 153
 202 212 151 163  37 192  30   4  10 202 215 199  45 181][  3 200   5 155  20 131 174 100  22  96  82 199 112   6 186  64 124  40
  19 207 199 144  69 253  36   0 186 128  28  30  56  88][ 35 151  98 140 244 147 220  63  93 101  86 183  41  40 182  65 223 163
 151 165 180 184  37 223  42 126 218 194  95 140 248  77][178 135  10 136 218 163 158 111  21   4 217 243  13 174  32   0  94 187
 135 227 120  11   0 223 176 196 138 251  21  14 165 211][ 58 134 110 250 214 227 154 239  21   5 216 179  73  47  60  65 127 155
 151 161  56 154   0 191 122  71 186 199 181 140 180 219][  2 132  20 155 190 161 184 167 158  19  88  18 140  42  32  72 199  19
  27 144  18  24  11 247  44  22 222 194 148  64 129 129][  3 217   0 152 127 149 190 239 159  88  16 239  44 234 182 193 223  33
 147 229 231  11  14 223  56  22 143 254  28  28 185 157][ 82 158 160 154  31 229 154  74 150  79 153 167 108 222 105  64 221  57
 187 145   2   7  26 255 153  22 155 251 148  13  53 211][  0 156  62 218 119 231 177  99 222  25 117  18 124 251  36  73 227  59
  19   8  50 168  58 255  79 158  82  64 145   9  97 170][211 208  19 184  35 148  24 196 191  75  66 213 140 222 106 232 247  57
 191 149 247  15 162 211 152 118  26 206  24   4 169  93][ 45  74 234 109 116  27 111  81  84 238  87 135  83 137 179   0  88  44
   7  14 204 180 101  10 102  45 160 129 117 170  84 192][131 205   2 155 164 145 174 165 206  89  88 198 172 200 254 229 199  11
  18 215 215  40  14 245  44  56 142 234  28  30 249 141][  2 164  16 147 182 161 184 199  30  17  89 146 140 142  96   9 231  27
  19 145  50  88   8 246  44  20 158 226 148  73 129 129][  3 200 115  91 117 156 174 229  94  73 119  82 232 200 188 228 217  10
  18  74 247 188  60 247  39  62  22  66  95 158 249 173][ 34   7 102 137  29 243 128  75  70 101  88 151  32 168  54   0  72  10
 163  21 150 185  39 157   8   4 154 101 213  76  92 206][  6 188  32 146 183 165 154 239  30  89  25 163 140 252 120   1 223  27
 147  21 178 106  74 245  45  22 159 226 149  79 149 211][ 60  78 104 237  86 227  91  88   7  36 125 171 115  77  49  16  92 184
  23 227   8 178  77  31 114 197 161 165 117 187  84 194][  2  37 144 131 182 161 186 199  30   1  89  18 140  10 120   0 247  11
  19 145  18  24   8 242  44  20 158 224 148  75 129 129][ 50   0  98 228  68   2  72  80  65   0 242   2  11   9  52  80 120 140
  21 161 136 178   1 140 146 232 128 128 103 168 112   0][ 60   0 106 229  68  18 233  88  65 128 118   2  83   9 188  96 120 140
  23 168 136 178  37 136  82 233 162 132 103 168 112 160][ 26  21  18 232 251 230  48  95 173   9 249  48  76 255  40  80 182  51
 134 176  18 139   2 214 187 245  42 202 146  66 165 131][  3 141  75 141  68 137 174 111 204  66  88 199 181 168  50   0  90  42
  19 165 213  40  68 223  36   4 170 172  29 124 249 220]