[138 144  50 217 117 253 185   7 191  93  86  53 172 158 102 204 167  59
 191 145 182 156  50 215  15  87  26 195 146  12 141 223][  9 135  23 255 240 172  47 247 172   9  90  68 253 243 168 224  54  43
  54  12 243 184   2 111 228 175  42 192   8 194 161 169][  3 156  31 169 242 164 187 255 174  25  90  86 156 247  32  96 247  27
  19 185 179  27  18 215 253 166  58 204 152   2 161 185][ 34 162 233 145 116 233 185  67  31 239 144 191 160 140 118   8 223 171
 151 149 150 252 230 211  15  30 155 243 133  12 212 222][  0 156  27 169 218 228 187 255  46  25  90  66 156 247  32  96 255  27
  19 177  19  24  26 215 253 166 170 204 152  66 161 179][  6 156  29 169 222 231 187 207  30  81  88  82 148  63  33 104 255  27
  19 145  51  26  91 215  93 134 187 236 148  72 181 186][162 162 232 151 100 105 185  67  91 255  48 187 160 172  86   8 201 171
 211  21 150 126 230 195  79  30 223 187 197 108 214 206][  6  28 153 249 222 231 185 207  30  51  72 114 148 159  97 104 255  27
  19 145  51  30  91 215 125 134 187 108 148  72  53 186][162  48 169 145 206 225 185  79  30 247 144 187 180 157  85   8 203 187
  19 145  34 126 250 210  93  22 159 187 213  88  21 250][226 162 234  22 108  60 252  67 251 159 117 157 168 172  86  27 137 107
 227   5 182 126 166 195  87  30  80 171 197 108 222 199][  4 156  21 233 154 231 179 222  30  19  72 114 148 215  97  72 255  27
  19 145  51 156  27  87 237 134 187 108 152  73  33 179][ 75  50  59 232 108 141 249  82 173  72 182  78 157 139 228 114 206 129
  95  28 131  43 226 193 214 249 170 186  14 136  67 185][ 10  48  59 184 107 213 185  71 139  93 148  27 172 158 102  10 238  51
 219 145  22  15 178 209  87  81  26 251 146  12  37 255][ 75  58  51 232 109 157 185  82 169  89 148 104 156 158 100  62 238  49
 223  17 131  43 178 208 151 217 154 250  26   4  35 127][ 67  34  49 233  44 141 249  19 239  89 178 108 159 138 212 106 230  41
 127  25 131  41 226 209 150 216 186 248  12 128   3 169][ 98  50 229 220 127 149 152  24 139 216 181 239 124 222 255  58 206 177
 255 133 134  99 170 221  87 120 171 186  23 174  87 119][ 63 148 231 229 183  82 254 254 117 235 246 179  89  61 190 101 127 215
 151 239 184 248  45 238 122 239 246 197 231 253 244 121][190  69  98 232 246  50 254 127  85  34 254 178  75  45 189 113 127 215
  23 171 248 183  36 206 178 255 134 132 231 251 244 165][ 32 132 190 221 109  98 149  39 220  23 238  16 178  49  38 107 200  54
 107   8  56 238  99 137  71 179 210   3  64  72 244 170][210  51  90  40  90  67  49  72  36 228 195 175  13 134 166 208 118 157
 206 225   1 131 165  76  16  33  42 191  45 130  47  81][182 205 210 254 155 160 206 232 153   2 201  19  96 234  61  71 249 251
  17 227 110 199 154 239 177 182 206  11 165 115 248   2][ 89 121  58 238  59 157  19  86 235 204 172  76 190 211  99 112 230 243
  76  80 206  11 178 253 251 221   2  58  10   2  35  75][ 59   2 230 141  83  82  72 121  23 229 198 135  73  46 150  84 126 204
 177 172 140 218 101 140  94 107 219 133  39 164 116  92][ 93 135  69 227  52  38  74  56   5 112 159 198 211  67 152 231  88 132
  60 254 187 128  93 157 168 201 163 196 174 139 240  32][  3   3  64 129 102 172 232  19 172  73  91 231 157   3 210 194 102   9
  31 157 131  24   5 192   4   8 186 192  60 132 121 145][190   5  98 228 215  54 254 255 117 194 254  18  75  57 189 109 127 214
  23 175 248 183  37 206  54 255 150 134 231 252 240 198][191 132 226 197 247  54 254 255  81 227 254 150  89  45 190 229 127 214
 151 175 252 247  53 206 123 127 246 196 231 253 240 121][ 25   2 102 133  85  31 104  83 117 101  86   6  75   8 146 236 120 140
  54  45 141 248  37 141  22 107 240 193  47 140  88  76][ 82 164 154 240 155 100  25 199 131 181 138  19  13 191 104  74 233 215
 185 144  26  75 146 194 251 245 158 127 160  64 164  10][  3  16  83 161 102 172 168  19 236  73  89 215 157  26 242 234 166   1
  22 157 151  56  20 192   4  24 186 232  28 133 137 149][189  74 200 173  12  11 206 216  86  40 208  66  83   1 177  45  88 200
   6 239 201  50  77  25 176 201 225  60 125 187  88 160][ 41   2 118  77  21 159 224  18 116  41 246  64 219   8 150 236 120 140
  38  28 141 184 101 141  70 251 112  64 111 136 120 172][ 89  59 187  62 169 140 113 150 239 205 174  77 174 249  87  82 166 103
 109  93 130  41 130 113 251 253  22  26 194  22   3 107][ 80 248  25 250 139 200  55 231 171  21 160   8  62 211  65  18 163 251
 104 210  66 105 154 117 249 144  23 107  16  17  39  42][ 69 232  17 218 111 205  49 200 235  16  32   8 190 211  65  60 163  58
  74  72   2 105 154 117 209 152   3  58  80  19  67  34][ 40  16  19 201 100 205  97  80  76   8 118  64 146  19 228 252  72  24
  22   8   3 178 113 192   5 152 162   0  26 136 112 161][ 39  16  19 216 109 205 195  72 137   9 225  88 158 208  44  52 216  49
  82  58   1  39  50 210 145 156   8 122  80  11  67 166][ 24  16  59 169  34 201  49  80  36  29 114  35 158 159  96   8 238  57
  79   1   2 188   3   1 213 129  50 193 112   8  37 171][121 235  59 104 117 157  83 112 105 236 253  77 159 157  34  16 180 169
  68 110 204  59 184  60 243 221  33 120  66 166  71 227][ 82 157 186 188 131 220  21 103 173  77 202   1 174 190  34 116 166  51
 185   1  82 137 178 225 153 246  30  11 128  68 165 126][ 19  50 215 189  42 128 184  74 190 209 210 231 189 206 224  72 118 189
  59 149 130 216 199 209 196  32 250 200  53 128  33 153][ 19 136 199 191  50 130 174  43  54 131 194 210 245  99 176 194 119 239
  59 141  33 220  13 111 136 166 255 128 189 160  33 168][ 98  18 106 136 104 145 184  82 141  92 144 239 172 142 246  74 238 177
 223 133 134  11 134 192 150  80 186 171  28 140  63 221][ 82 233 166 158 157 213 146 238 142  85 128 155 168 236 118 198 201 227
 233 213  78  75 154 241 185  52 159 123  16  12 181  78][ 21 142  77 255 148  34 207 175  84   2 202 194 241  99 185 224  91 238
  18 173 121 158  77  63 172 174 239   0  53 240 112 168][ 82 233 162 186 155 213  16 238 139  29 136 155 172 254 106 194 193 243
 249 149  94  75 154 241 185  84 159 123 144  20 189  94][189 143  64 239 148 163 206 191  84  34 248  66 243  97 185 224  89 238
   6 238 121 186  77  63 228 175 165  20 125 250 240 168][245  16 183 103   5 102  99  24 113 147 163  16 211 119  73 127  81 212
 120 186   9 214 249   2 197 234 211   4 162 227  98  50][ 35  50  55  89 109 213 185  80 207  89 245 118  56 152 246 239 236  41
  94  29 135  63 242 209  23  24 114 234 219  12 105 213][161 142  77 247 244 171 238 175  86 163 114  90 241  97 156  97  91 170
  18 169 187 252  77  63 108 142 181  96 245 232  80 168][182  69  66 140 204  35 238 109 205  34 249  26  74 200  61  21 120 141
  87 227 104 183   0 206 178 184 131 142 117 251 242 128][107  48  49  72 105 213  25  80 129 121 181 108  28 151 196 190 204  16
 222  88 131  35 242 192  23 216  32 250  82 139 102 245][ 73  48 113  72 104 157  73  24 235 216  53  72 153 215 212 190 134  16
  94  76 131  67 250 209   7 216  33 188  18 131  67 245][ 63   4 230 196 215  50 252 255 121 231 214 146  88  46 190  47 127 199
  23 189 188 243  37 202 123  47 255 197 167 252 244 117][ 73  56 155 181 160 236 124  55  59 234 106  73 191 191  65 240 135 191
 245   8  77 152 208   2 239 255  52 128 130 208 134 123][ 74  29 183 180 161 252 125  39 173  95  74  16 175 190  32 122 167  55
 253   1  83 221 178 195 129 247  94 131   2  68 133 127][153 211  80   7  54  26 190 252 124 104 114 238  95   8 143 225  54 213
 198  99 229 180  13  13  52 104  32 132 109 155   9 157][147 211 113  71 114  10 239 188  52  96 115 238  93   7 157 180  54 221
  86 238 225 176  45 110  52 168  32 132 111 147   3 249][ 53   1 111 109  28 111 195 104  68 224 251  10 115 121  53  96 120 164
  62 234   9 179 121  12 243 239 225  16 113 171 112  34][ 23 211  67  65 242   2 111 244  37  96 255 231  89   7 156  84 126 204
  23 254 201 144  45  76 124 172 175 196  47 179 225 241][ 48  76 123  74  12 247 199 236  68  74 252   2 243 209  53  36  88 168
  82 106  73 163 122  61  99 205 129  56  81  59 116 170][ 28 247  83 193 242  18 174 241 117 160 123 230  89  78 220 164  62 221
 134 242 209 176  45 206  62 197 175 196  39 179 173 181][ 49  77 235 207  84 118 239 113  68  64 251  66 121 124 181 224 248 230
  54 239 201 178  53 202  55 239 206   0 125 122 112 252][ 66 186 134 184 169 176 188 135 175  31 130 181 172 170 102 202 231  39
 251 149  22  77 130 243 158 114 222 251 156  68 185  95][ 22  63 115 193 242 114 186 240  61 224  95 226  93  62 213 164  54 255
 151 243 149 216  45 206  62   4 175 197 167 227  47 181][ 27  55  98 133 242   6 187 113  57 196  95 231  89  43 151  80 118 239
  21 253 145 152 133 206 126 108 175 128  47 166  51 217][ 66 191 130 186 155 181 154 198 175  13 136 173 172 238 102 210 231 115
 251 149  22  11 130 243 186 117 158 251 152  70 171  31][ 66 184 134 154 143 177 188 135 143  91 136 245 172 186 118 206 197  35
 251 149  22  77 130 243 156 118 222 251 158  92 185 223][ 30  62 211   5 114 178 186  82  63  79 127 231  13 174 134 148  55  61
 135 148 150 144 164 206   6  36  42 192 167 231  47 213][ 75  21 227 143 183  54 170  19 111  73  95 198 221 252 188 228 118  31
 191 141 149 144 181 192 167 125 170 192 142 198 177 117][ 42 251 117 201 111 221 156 254 143 252 148 175 140 158  87  39 206 125
 215 195 197 122 241 208  95  89 207 191  54  60  22 255][ 46 249 240 232 109  85 152 216  15 248 148 111 156  31 247 102 206 217
 223 231 199   3 251 209 215  89 235 191  31 191  37 223][122 123 104 229 125 223 223 118 129 236 188 175  58  29 151 182 204 181
 223 231 205  43 241 156 119  89 169 179  95 188  94  95][238   4  98 204 199  50 238  89 213 130 221  19  73 233 189 105 122 164
 155 171 176 167  36 202  55 111 207 143 167 255 244 134][110 171 137 229 172 205  75 131 171 233 158 232 183 173 208  50 132 100
 253  89  27 105 227 161 238 245  45 249 192 187 215 113][187  48 112 233 111  29 248  82 109 104 246 186 143  30 150  60 238 145
 223 129 140 182 101 192 150 217 154 163 119 140 123 215][121 120 177 165 165 126  76 182 115 170 138  72 159  50  81 250 133 247
 124   1 141  90 241 138 159 247 117 180 160 240 150  41][134  73 223 179 230 105 189 199  44  51  90 210 157 143 241  75 111 143
 127 219  83 251 133 224  20 176 254 192 141 217 161 168][ 60 241 105 224  60 203  75 248   7 168 252 168 179 205 217  48 220 152
 221 115  75  50 105 157 242 213 161 249 122 138  86  56][166  36  98 232 205 160 238  65 197 130 121  18  73 200  61 203 248 185
 147 163 160 183 130 202  54 232 131 138 117 251 112 130][ 75  48 124 233 111 221 249  80 237 108 182 175 159  31 150 246 238 145
 223 141 135  35 245 208 215 249 170 147 103 132 111 119][200 156  55 253  53 252 121  39 253  95  90  20 191  62   0 233 135  55
 253   1 179 220 241 135 205 247 122 194 128  68 133 123][111 185 173 231 184  75  75 172 131 249 189 168 211 119 200  50 223 215
 253 208  27  73 239 176 238 215 239 245 150 163 132 121][138  48 178 153 101 252 176  67 191  95  84  53 172 158 102 204 167  59
 179  17 150  76 178 209   7 119  90 203 146   4 173 223][113  48 123 196  47  31  97  88 239 224 181  14  30 157  87 115 250 173
 126 108 129  35 241 216 147 136   3  62  95  42  99 242][138  50 244 249 109 221 185  19 175 125 214  53 140 159 214 238 206  61
 255  21 135 252 243 192 199 121 218 227   6 140  15 255][216  29 181 101  44  62  77  47 116 170 146 124 255  60 129 227 198 245
 124  41 233 252 241   8 177 235 127  16  96 104 129  41][123 112 115 228  95  91  83  80 101 224 181  46  30  27   5  52 250 165
  94 238 201 163 113 204 210 201  33 186 111  42  98 115][ 61  81 123 236  86  82  91 112 101  64 255 174  91  29 177 112  94 156
  21 234 201 178 117 140 242 237 160 128 127 187  98 147][ 35 180 242  11 215 253 178  67 207  65 125  38  40 216 254 164 235  11
 146 149 151 186  52 213  15  92  18 107 223  78 235 214][216  16  63 245  52 255 185   3  60  43 242  52 159  30 132 233 230  61
 255   8 176 188 113   4 197 255  58 194 200   8 101 121][ 74  43 167 176 253 237 185  71 202 221 152  27 172 172 119  10 175  35
 251  21 150 107 162 224  93  83  30 235 196  76  55 223][  2  16 118 217  36 143 185   3  44  73 246  53 159  31 148 217 238  57
 255  28 128 188 113 196 135 251 242 194  76 136  97 255][138  48 244 249 125 223 184  19  63 253 246  53 140 159 214 236 206  61
 255  21 134 254 243 208 199 127  26 195 134 140  37 255][ 35  91  99  79 118 147 239 244  84  64  94 230 113  76 181 100 126 232
  22 238 193 178  36 255  36  44 162 128 125 187 112 253][131  97 215 161 206  43 236  87  62  51 122  82 157 139 240 104 111 143
  51 153  83 250 211 224  20 184 190 192 173 217 163 168][ 75  48  51 232 109 157 249  83 173  89 176 109 156 159 100 106 238 177
 223 149 135  43 162 208 151 217 186 250  26 140   3 223][ 95  94 198 180 162 178 188 103 188 202 210 231  77 234 183 203 231 101
 191 165 228 213   6 200 178  99 239 131  47 244 169  21][121  24 253 229  52  30 121  55 113 236 254 236 187  61 146  49  78 188
  53 141 233 252 117 140 199 255 241 128 111 168  82 121][130  83  78 169 238  34 237  95  60   7 115 246 157 139 176  73 110  15
  55 211 208 222 135 224  84 185 250 192  53 217 163 168][  3  64  51 201  77 133 169 113 237  96  74  66 188  18  52 230 236  40
  26  12 193 186 113 192   5  60 138   0  26  10  97 172][ 27 178 239 229 118  22 251 184 119 253  86 231  89  15 223 229  55  93
 181 255 195 248 173 193  78 235 255 196 167 135 125 249][ 71 152 245 219 110 132 184 240 139  27 113 231 188 255 252  71 239  51
  87 133 163 126 202 241  30  26 254 234 157 174  49 217][ 42  50 114 225 100 136 248  80 173  25 246 227 141 143  84  94 238 153
 223 153 130  58 194 192 214 217 186 194   6 132 103 219][ 87  43 235 135  52  86 235  56  73 200  95  66 241  92 159 100 122 236
  29 255 201 144 237 236 165  60 171 128  37 163 113 101][122 203  35 184 173 205 157 231 143 125 152 175 142 140 118 192 205 163
 255   5  90  43   2 241 249  85 158 255  21  28 149 251][ 33 187 105  75 118 141 235 113  71  72 124 238  49 213 178  52  62 170
  23 204 211 186  36 253 118  12 161 232 127 138 210 241][167  79 123 219 236 161 254 212  13  59 251 246  29  10 253 233 239 203
  23 223 211 179  73 224  54  24 238 192 157 219 241 137][ 83 243  65 131  50  27 171 252  42 104  27 239 221   6 222 180  54 205
  95 231 199  17 173  85 188   0  43 228  45 151   3 125][ 74  16 116 225 109 221 184  17 173  93  54  49 140 159 118 239 230  17
 223  21 134  12 114 208 199  89  26 203  22 132  13 223][167 114 250  26  79 181 176 202  91  95 117  31   8 216 126  40 237   9
 146  21 134 118 190 243  31  28  26 111 213  13 123 199][  1 156  21 233  18 166 171 127  22   1  72  70 189  51  32  96 127  59
  19 153  51 152  89 223 237 167 186 192 184   2 161 185][162 162 171 183 100 233 185  66  26  95 113 187 180 140  92  10 201  59
 115  17  18 126 194 227  77  20 250 233 197   8  87 242][ 20 156  17 233 146 227  35  31  22  33  72 114 149  55  96  96  91  27
  19 152  19 152  89  30 237 135 191 100 184  74 161 185][ 32  48 137 179 116 233 185  67  30 227  81 251 181 159  64   8 219  59
  19 145  51 254  80 146  77 134 191 160 148  72 149 186][ 89 249  59 236  91 149  87 252 105  76 252  76  63 159  34 112 246 187
 150 200 206  11 178 189 243 205  34  56  48  18 162  75][ 57 107 123 104 116 141 123 244  97  76 124  77  55 199 179  48 254 168
   6  78 203 186  32  61 119 205  32 136 113 155  98 251][ 63 132 230 196 214  18 254 254  81 227 242 146  73  45 188  99 127 199
  23 239 188 247  37 238  62 126 222 196 231 253 240 142][ 89 251 187  44  27 140 115 159 235  77 174  77 190 219  74  80 166 139
 108  93 202  11 178 113 251 253  38  26  66   6 163 107][ 40 153 190 119 205 188 180  39 196  23 110  49 174 185  34 202 192 114
 235   0  16 233 211 161  71 247  84  19 194  88 236 138][ 63 192 230 196 215  18 252 252  89 243 246 146  72  46 188 111 127 213
 183 253 188 251  37 192 123  47 255 197 135 252 244 222][ 54 129 134 252  31   2 206 232 147 146 192   3  96 234  61  69 249 245
  49 225 108  67  26 223 185 182 207  31 181  32 120   2][ 59   0 102 165   5  18 104  65  37 101 198 135  65 142 182  68 104 140
  59 141 140 153 165 132  86 105 138 193  39 140 116 212][ 54 143  24 158 221 197 134 232 158  30 128  11 100 226  45 193 217 227
   2 227 110  43  90 255  57  38 207  63 153 122 120  14][ 59   0 102 173  93  19 232  72  69 225 195 131  67 136  54 228  88 172
  59 173 140 179  85 140  83 106 128  65  39 140 112  70][137   4   0 129 228  60 236  23 236  73  28  86 157  26 242 224 110   3
  30 157 151  56  20 226 164  25 186 232 158 213 185 133][ 90 164 147 240 153 192  16 199 163  61 168  18  12 187 104  90 233 223
 233 144 122  75 130 227 187 212 158 111 130  64 166  42][ 54 173 149 178 221  65 134 236  31  63 176  75 102 248 108 133 153 203
  66 115 126 107  91 189 184  22  85 127 217  90 156 142][ 64 106  30 188  58 129  58  76 174 144  64 193 245 199  97  74 135 121
 107 208   2  65 138  81 192 164  43 104 144  19  41 138][  4 120  18 234 106 225 179 200 142  32 160  40  28 211  33  16 166  57
  75  82   0   3 138 114 209 148  10 122 208  27  39 163][ 41  64  82  73 101 157 224  82 109  57 118  96 155 147 164 252  96  56
   6   8   3 180  97 128  70 249  48   0  82 136  72 165][169   8   0 190  29 249  66   0 223  18 160  24 234 216  52 180 200 162
 202  67  47  46  90 191 135 217 129 123  90  45  90   4][ 16  18 147 187  34 138  56  22  55   9  83 245 159  23 160  88 246 185
 173 145  11 156   1  81 196 240  58 194  56 128  37  49][ 88 235  59 108  53 141  83 244 107 204 252  73 191 205  81  48 180 233
  93  93 203  43 162  61 243 253  32 248  66   2  71 121][147  18 135 187  32 134 168  18  62  89 211 245 181 134 176  72 244  57
  63 149 131 156  67 209 196 176 186 192  28 128  49 241][ 67 146   7 165  48 166 107  19  60   9 210 244 245   7 144  96 101  55
 125 157 185 157  69  79 132 166 186 192 136 128  33  57][197  57 221  65 232  46  78 152 115 242  37  92 219  51 217 191  23 213
 120 254 177  80 253  64 143 200  69  52 234 243 195  48][  9  15 196 237  52  34  78  63  68 162 222 192 241  35 176 231  90 230
  44 172 249 216  69  12 236 235 231 128  62 226 248  40][213 121 213  69 192  46 110 152  97 242 167  92 211  51  89 255  49 196
 120 254 169 114 249  96 135 168 197   4 234 243  98  32][ 67  50  35 138 108 157 184  80 205  89 153 109 156 152 254  42 206   1
  95  77 135  39 166 193 146  24 170 186  92 143  49 213][ 33 160 197 217  68 139 233  11  94  49  82  82 241 192 148   9  91  40
  34 157   3 248  79 149  12  10 251  64  21 136  81 168][ 99  16  51   8 108 157 216  80 201  88 177 109 158 152 246  46 206   1
  94  95 133  35  38 208  18  24  42 250  92 143 115 213][ 35  34 109 217 108 137 232   8 206  17  81 194 177 200 244  42 138  40
 123  29 134  40 206 209   4  24 179 108  85 136  83 172][239  84 113  72 173  63 222  24  73 106 188  92 159  30 159 180 158   1
  84 126 173  34 101 210 162 217  32 186  94 223  75  53][253 100  97  65 149  90  75  48  97 176 175  10  91  19 221 182 121 204
  92 250  73 242 253 142 191 217 133 101 103 187  82  36][ 72 189 187 180 241 204 117  23 185  77 106   8 190 191  64 112 132  59
 221  16  23 216 176 207 239 253  22   3 128  64 135 123][116  73  59 238  28 207  71  88  68   8 251  10 115 217  49  96 216 244
 126 106   9 163  91  61 241 173  33  24 113  59 112  34][149 193  99  69  82   6 111 188  52  96 226 198  81   7 153 117 126 204
  23 238 233 144  61 110  53 168 175 196  47 179 114 240][ 48  77  57 110  44 207 199 239  68  10 252   8 243 249  37  32 216  58
  70 106  73  35 122  61 115 141  32  57  81 122  70 170][ 31 215  67 197 114  18 238 245  37 224 250 230  89   6 157 228 126 205
  22 238 233 144  61 204  62 204 175 196  47 178 225 181][ 61  21 227 165 212   6 239 113  81 192 219  70  81 121  49  96 120 236
  23 255 221 179 181 206 249  44 167   0  47 190 240 248][ 66 186 134 189 171 176 188 135 175  81 138 181 172 234  70 198 231 103
 249 149  22  73 131 243 140 116 158 251 152  68 185  95][ 49  13 235 239  84 102 239 113  81 192 251   2 113 124  48  96 216 238
  54 237 157 186 245 207 117  45 162   0 109 234 112 244][ 27 183  99 197 242  18 238 113  53 164  91 230  73  14 148 164  62 189
  23 239 209 152  37 206  62  77 175 196  47 166 161 245][ 27  55  99 135 214 134 239 113  49 192  91 199  89  75 150  68 126 175
  23 255 209 152  21 206 126 108 175 192  47 166 243 240][ 41  61 217  53 240 207 125  23  51 232 124  73 191  55   1  48 132 190
  87  24  29 216 208  12 239 221  52  32 194 192 198 235][ 90 254  26 186  27 145  26 198 187  13 200 173 175 206  98 144 239 251
 207 209  46  15 130 191 251 213  30 123 144   4  47  27][ 23  29 122 161 114 171 186 114  60 228  90 231  92 190 167   0  54 175
  23 189 148 153  36 254 124  15  43 198 165 103  33 199][ 31  55  99 131 242 182 171  82  61  77  95 231  77 102 190  84 118 175
  23 189 151 144  61 206  46  44 170 196 175 199  35 245][130 120 243 145 102 219 184  68 159 228  82 175 173 158 231   9  78  57
 151  67 196 212  52 240   6  80 203 163  22 189  21 253][ 37  89 107  77 116 139 231 112  68  96 126 230  83  21 181  36  94 248
  22 238 201 178 117  61 100 140 161 128 125 187 112 240][ 82 185 186 252 147 212  53 103 191   5 206  17 172 190  38  64 166  51
 249   1  82   9 178 227 211 245  30  11 128  68 165  91][120 235 187 228  60 205  75 148 171 168 158  72 191 141 209  50 132 110
 125  93 203  41 162 169 251 245  45 249  66 138  87 121][ 56 105 107  96 116 207  75 112  33 232 124 104 147 141 145  48 156 184
 213 106  73 186 232  61 243 221  33 177 106 139  86  49][121 113 121 104 124 211  91 120  71  96 253 172 115  95 137  48  94 188
 212 234 201  50 124 157 242 221 161 188 127 155  66 121][ 89  28 185 117 168  46  93  55 124 171 158  92 191  54   0 107 134 183
 125   9 249 252 241  10 197 255 126  16  72  96 129  43][ 61  81 121 109  86  19  91 120  69  96 253 230  83  25 177 112  94 172
  22 238 201 178 117  28 114 237 160 144 127 187 114 241][194 156  63 219  49 236 185   7 188  91  86  17 172 191  36  79 167  51
 255  16  51 205  18 199 143 243  90 195 128  64 133  91][ 57 113 115 236 126  83  83 120  65 232 181 174  91  31 133  48 122 133
  94 238 201 163 101 140 146 233  35 186 127 175  98 247][ 67  58  59 232 109 141 185  83 169  73 180 108 156 158 100 120 238  49
  95  17 131  43 178 208 151 217 186 250  24   0  33  59][130 144 186 152 115 244 176  67 159  95  64  17 172 158 102  72 229  59
 179  17  54  77  50 211  15  54  26  75 144   4 165 223][ 17 159  23 237  54 142 108 119 124   8  90  68 255 115 160  97  54  11
  62 172 209 152   1  77 160 232  34  64  40 130 161 169][171  22 112 224  39 244 217  19  73  78  60 255 157  31 214  60 134 145
 149 141 164  36 100 194 195 217 168 178  39 196  71 119][ 43 215  99  73 246 147 238 253  77  64 120 230 104  72 180 164 126 170
  22 252 215 186  36 255  62  28 166 194 127 142 240 189][  2 157  58 154 211 245 176  71 159  85  77  19  44 190  38  64 231  59
 147 145  54  11  50 247  27  54  26  75 144  68 173 223][170  16 112 241 101 185 248  83  45  83 242 179 141  30 212 255 238 153
 151 145 180 190  96 192  22 217 218 195   7 132 119 223][ 11 157  59 225 117 252 121  23 237  77 126   4 190 159  54 112 166  59
 183  28 151 184  48 197  71 253  50 194 202 196 197 123][ 41  27 233 229 244 158 123  55  97 233 126 230 187  61 146  32  78 190
 119 140 153 184 245 140 110 253 160 192 111 138  82 249][ 43 191  99  75 119 179 170 210  95 105 120 230  40 140 180 164 127 138
 150 157 135 186  44 255  54  28 170 226 223 143 123 189][ 10 249 190  56 219 209 188 199 222  85  84 163 172 222 118  40 239  59
 179 145 214 251   6 245 126  83 222 235 221  20 175 223][ 90 251  35 184  31 221 159 230 143  69 156 143  44 141 118 132 174 227
 219  69  66  43 178 245 241  85  14 251  23  30 181 219][ 26  89 114 252  83 208 180 102 165   4 126  35  45 191  35 192 162  51
 147 192  64 185   0 237 115 229  18 131 103  20  45 203][ 63 107  99 163 114   2 111 120  37 232 219 230  89  78 187 176 126 237
  23 239 205 146  45 204 178  76 175 132  47 183 114 244][ 55 123 105 237 116  22 235 184  65 200 222  98 115  88 157 100 120 236
  21 235 201 178 229 172 180 108 171 128  37 187 116 101][ 87  99 107 199  22  22 111 248  96 232 223 230  81  66 157 116  62 205
  21 239 201 146 173  76 240  12 171 132  45 179  51 100][162  16 116 249 101 189 248  67  61  27 246 179 140  30  86  73 239 153
 151 149 178 254  65 192  22 120 218 195 151 204 105 215][ 13  86 239  85 246  50 239 187 116 238  94 246 217 109 155 105  55 124
  55 174 241 208  45  78 110 111 239 132 175 241 209 241][ 46  54 226   1 243  56 186  90  59 233 121 239  12 137 223 156  55  13
 151 149 150  18 156 194  94  20  41 239 239 231  75 151][ 19   2  83 233 102   9 232  64  77   0 241 202 159  11 181  64 110 137
  95 237 136 163  68 192 148 152 170 152 117 138 113 160][194 176 253 214 126 136 184 120 139 216  49 239 252 223 220  10 174  49
 223 133 163 101 138 221  94  26 235 170  13 164  67 241][  2 112 114 203 109 220 184  16 173  93 183  39 140 158 246 110 238  49
 223 209 134   8 226 225   7  89 154 235   6  15 229 215][ 34   0 112 217 101 188 248  71  61  31 118 147 140  31  20  73 239 155
 183 145 146 254  65 192  23 250 218 195 151  76 245 155][195 176 253 246 126 128 249 120 171 216  49 227 252 222 220  35 175 177
 247 133 163 100 142 209  30  30 235 234   5 164 115 241][ 47 170  98  91 115 147 171 192  63  12 113 231 104 206 255 141 127  41
 147 204 130 214  46 253  14  94 139 170 223 167 115 245][ 99  48 253 220 110 141 249  24 139 216  49 235 252 222 212  42 174 177
 255 213 135 103 238 221  86  24 235 186  93 140  83 247][  7 168 255 243 102 136 185 240 175 147  83 226 189 239 249   3 239 123
  23 157 163 126 138 225  28  24 255 232 141 170  33 185][ 43   4   2 184  61 189  74  72 223   3 233  24 207 200  62 213 216 169
 202  39  61  39  86 158 130 253 130  59  90  15 122   4][152  87  91 129  66 120 185  87  44 100 230 182 137   7 130 212 110 145
 202 161   9 145 101 198 244  33 186  65  39 132 175 241][183 158 245 215 118  24 184 240 137 218 184 230 120 126 221  35 239 241
  23 173 163 118 106 207  62  26 239 238 205 236 113 213][  0 160 139 179 116 233 169  66  30 203  81 115 149 205  88   8 153  59
  19  17  19 252 194 131 205  22 186 232 196   9  23 176][  1 149  25 235 176 227  74  55  22  33  75  98 247  51 160 224  85  58
  30 184  59 152  89  30 172 135 179  64 184 202 128  56][ 68 164 148 150 141   9  68 169 170 178 161   8 230  98  73 159  81 224
 104  34 104  67 218 121 152 150 207  60 152 106  11   0][ 52 201 150 179 141 142  86 166 139 179 170  17 199  42  65 158 201  87
 236  83  92 251 217 160 168 246  85  87 200 127 138  14][ 57  28  24 161 228 126 117 150  48 111 254  30 150  54   3 121 232 142
 134  24 169 186 113  32 245 131 246   1 224  89 254 251][152 156 216 131 198 122 181 166  56  71 254 182  31  62 130 217 107 151
 134 128 121 188 117 226 244 231 126   3 229  88 173 251][ 64 129 156  91 139  60 180 143 142  21 175  17 142  57  74  74 129  19
 235  16  18 105 219  81 111 183  86  95 210  72 141  10][250  36  98 232  75  51  88  73 165   0 199 147   9 143  48 245 120 156
 219 164  12 131 213 142  83  97 138 153  39  12  60 134][226 138 148 254  29 133 146 104 135 156 193   3 104 219 108 198 201 115
 235 195  78  67 202 189  27 240 139  59  18  38  60  10][ 76 137 148 177 139 217 180 143 143  53  40  17 140 171 106 202 129  83
 235  16  22 105  75 241 111 215  87 127 210  76 141   2][250 104  32 252  29 213 146  72 135  44 129  11  96 217 112 192 216 176
 251 227  78   7 219 159  83  85 137 187  19  47 124   2][  5  16 129 177  22 170 163  16 118  96  66 198 215  84 145 232 122  76
  59 221 171 208  85  46 140  38 170 128 172  11  17 176][171   4  74 129 228  50 237  71 117  71 214 151 155  40 178 201 104 130
  31 189 188 186 101 194 212  29 154   4 133 220 248 192][ 70  32 188 209 139 105 149 143 139 183 190  25 140 191  79  14 137  87
 233  17  18  97 147 192 207 149  95 127 192 120 141 138][ 38 249 148 176 125 139 146 234 143 177  48  45   6 248  68 134 137  73
 227  81  70 107 219 181   8 210  77 127 216  44   8 142][161   0 114  73 109  59 224  67  77   0 106  16 131 136  54 100  72  12
 106  61 132 180  69 128   6 120   2  65 119 140 216 134][  4  46  18 201 234 161 186 192 132 160 232 234   4 131  97  76 126 121
  75 242   0 151 193  74  92 132  14  58 144 219  35 161][  1   3  83  75 102 185 240  86 109  17 123 114 139 147 228 108 102  26
   6  24   2 180  35 192   6 216  18   2 119 155 225 165][211  66   3 187  48 174 106  20  63   9 211 244 181   7 160  88 118 185
  62 156 171 156   1 127 148 166 186 192 152 129  33  49][184 232  44  59  77 253  81 198 151  63 164  25  35  25  67  25 201 162
 195  76  46  46  90  51 223 203 208  57 115  29  94 202][ 65 134   3 171  48 166 107  18  52   9 211 212 245   3 144 224 117  38
 125 156 187 157  65 127 132 174 186 192 136 130  49  41][229 125 221  69 193  62 110 148  97 242 174  76 211  51  81  59  24 228
 120 254 169 240 249  40 103 169 197  36 233 243  74  40][  1   0   4 153  12 137 232   8  86  49  67 194 243 193 208 201  88  40
  42  29  10 248  71  17 132 128 219 112  52 136  81 168][244 228 104  32  28  41 194 200  67  48 185  11  67   8  93 144 249 136
  93 227  14  38 221  23 185   9 129  61 117  11 122   6][173   4 120 101 204  59  78  56  83 226  61  24 219  40  31 177  26 140
  84 174 173  48 125 154 231 223   1  53 119 254  74 196][189 100 104 103  69  87  71 120 112 226 167  10  83  25  91 177 120 204
  68 234 108 246 253  14 123 201 165   5  99 187 122 194][245  97  91  76  92  70  71 120  80 232 229   8  83 209 187 115  88 236
  68 106 105 227 249  14 115 169 161  28 105 187 114 160][181  69 103  69  20  22 238 248 100 224 226  70  83   2 157 245 120 196
  22 238 233 144  61  76  53 168 167   4 111 179 114 164][ 37  73  17 110  60  79  71 184  87   8 236  72 243 241  49 100  88 248
 110 106  73 162  91  63 241 172  33  56 122 187  80  42][ 53  77  99 206 212   6  71 121  85 192 203  66  83 113  49 228  88 236
  22 238 201 179 113 140 177 172 166   0  63 186 240 168][ 48   9  59 239  60 207 199 113  84   8 249  10 243 249  49  32 216 250
   6 106  73 186 120  63 245 172  32  16 113 106  84 170][ 33  13  51 239 212 198 227 113  85 200 219   2 115 125  48  96  88 238
  22 235 153 186 117 175 117 188 162   0 117 170 112 226][ 48  29 122 222 118 235 243  98 207  13 252  34  50 245  37   0 250 186
 135  64   0 171  34 255  83 143  34  75 209 203 100 235][ 34 254  26 186 123 161  90 230 187  13 232 169  46 207  34  16 239 187
 199 144  14  11   2 255 251 215  26 107  48   5  46 155][ 23 135 107 199 210  22 238 113  52 200 223 199  89 110 180  96  62 175
  23 239 217 152  37 206  62  45 171 192  45 166 169 180][ 23 159 122 165 114 171 187 114  60 224  91 231  93  62 166  96  54 191
 151 231 148 153  37 222 124  44  43 194  45 175  33 213][  7  31  99 137 208 182 235 114  61  73  95 199 217 110 182 228 126 175
  23 255 145 152  53 206 110  45 170 196 175 135  49 244][ 22  94 123 129 118 171 187  82  30 239  90 231  12 158 167  72  55  61
 151  21 162 156  32 254  94  39  58 194 165 141  21 241][ 67 123  67 132  58  10 169  30 175 200  18 229 140 134 246 198  38  37
 126 245 133 137 166 204 156  48  43 206  12 132  35 125][130  20 114 211 229 185 188   7 189  27 113 178 140 158 116 203 239  27
 159 145 182 124  66 224   6  88 218 234 148  93 129 157][235  86 112 240 229  53 221  23  25  79  60 255 157  63 214  61 135 147
 149 149 176  12 112 226 231 221 154 250 199 212 211 127][238  93  48 242 237 244 158 215 153  95 157  61  12 189 118  63 135  83
 213  23 246  15 186 226 115  93  28 251 222  85 159  95][151  91  71 159   6 146 174 112 212 192 211 231 121  74 183 231 126 229
  31 239 237 135  12 236  48 106 234 128  47 183 121 213][189  65 123 236  54   3  75 120  65 224 245 206  91   9 177  48 126 140
  21 110 233 167 117 142 210 233 160  60 127 171 114 226][  2 148  63 186 139 228 177 103 173  87  75  19 172 190  42  74 227  51
 251 129  50 137  18 215 205 119  90  75 144  68 165 219][181  75 105  77  86   7 207 120  84  72 253 206 115  65 181  36 126 232
  22 238 201 178 109  30 114 173 161 144 125 187 112 241][ 72 157 155 245 177 236 113  55 184 137 110  24 190 183  64  82 132  55
 124   0  81 216 146   3 205 255  62   2 136  64 133  59][ 18 137 190 188 139 192 188 103 175  21  74 179  44 174  34  66 231  51
 171 129  86 137   2 247 241  55 218 139  20  68 173 223][ 18 157  42 152 210 225 191 231 158  85  72 179  36 254  38  64 239  59
 147 145  22 139  50 247 121  38 158 203 149   0 165 218][244 168 156 187 140 235 188 143  62  51  82  26 238  56   1  89 163 207
 108  19 118 252 203  53 141  34  93  80 133  81 131  10][214 148 214 153 141  38 124 207 189 147  66  23 200 234 110  75 245  79
 174 179 120 209 147 194 188 190 223  70 164  80 240 130][101 103   9 238  92  15 207 120 215 234 177  76 243 233  25  57 216 224
  94 238 233  99 250 158 241 255 129  56  89 251  82  32][198 174 134  83 201   8 108 238  63  55  66  17 136 170  92  79 227  79
 251 146 114 216 203 226  31 190 222 231 164  84 167 142][ 55 166 243 195 110   1 251 248 117 242 243 230  93 105 253  35 127 141
  95 191 235 243 173 194  92 140 239 228 237 234  49 177][ 61 239 125  97 252  31  71 190  99 184 188  76 147   1 209  48   9 204
  68 124 219 122 241  28 239 223 165 116 106 184 210 169][134 168 236  57 168 173 112 131 191  19  66  17 230 232  93  91 197  42
 127  17  62 216 219  17 141  51  87 193 212  72  88 139][134 172 252 123 171 201  48 163 175  19  66  16 238 232  93  91 231  59
 127  17 178 220 203 113 141 250  87 195 208 104   9 139][  6 128 166 225 223  66 190 236 252 179 210  19 201 170 124 203 123  69
 155 241 180 251 137 192  62  94 223 199 165 248 249 142][119  66 235 236 124  15 203 248  81 224 243 206  83  41  61 115  94 196
  95 255 233 179 117 140 219 255 230 148 205 171 114 176][ 49  91  99  77  86 159 239 116  69  96 126  70 115   8 181  36 126 232
  22 238 201 186 117 189  36  12 160 128 127 186  80 173][ 41 121 107 109 116 203 111 116 101  72 124 232  51   5 177  48  90 248
  23 106 201 186 116  61 102 141  32 128 127 155  82 184][ 90 249  59 188  19 196  53 103 169   5  78   9 172 151  32  80 166  59
 153   1  66 139 178 237 249 245  30  11   2   4 167 123][128 176 174 189  44 173  96  11 255 219 114  49 190 182 100 107 227  41
 238  16 182 252 147 209 143 219  83 111 144  76 105 218][  0 176 188 189 108 153  48 107 238 219  48  49 172 246  96 235 195  57
 234  20 166 108 226 209 143 210  83 111 144 172   9 215][195  50 253 245 110 129 249  88 171 144 113 227 252 223 220  43 238 177
 119 141 131  86 134 209  84  26 251 170   5 164 115 241][ 89 251  59  40  59 140  87 183 107  77 236  73 191 155  64  80 166 191
  77  68 202  11 240  53 243 253  46 122  32  18 163 107][ 75 155 188 185 171 164  56  23 239 125 170  68 172 187  34  90 231  55
 238  20 146   9 211 245 207 255  94  82 144   0 161  75][ 57  95  97 237 116  22  79 254  69 200 216 230  49   8 177 224  92 204
  22 237 205 186 101 143  54 109 167 132  63 186 112 249][ 63  95  75 204 116   2 238 248  36 192 254 230 113  71 185 160 126 232
  23 238 205 146   5 108 114  45 175 128  47 179 120 216][ 26 219  43 170  31 209 154 228 141  68 156 175  46 157  35 132 238 249
 159 199  74  11  50 253 179  85 138 187  23  31  53 123][  9 157  59 232 117 252 251  87 237  77 126   4  60 159  54  96 166  59
 151  28 147 185  48 207 111 253  34 194 202 132 229 251][ 43 182  98 137 119 179 186 198  95  73  92 231  40 136 182 164 127 169
 151 149 135 186   4 255  30  28 154 227 223 143 121 157][ 35 143  98 139 215 147 174 229  77  64  88 231 104 200 182 164 126  43
 146 253 215 186  12 255  62  28 142 194  95 142 249 157][ 97 149  85  75 176 175  66  55 116 161 171  72 211  51 128 112  81 182
 108  56  57 152  93  31 174 190  37  80 184 130 192  40][ 64  38 156   5  74  10  36 107 174 178   3  64 197  34  64  67  33  68
 106  40  32  73 143  12 156 131  87  45 160  32   1 160][156  29 112 243 167 248 118 148 117  66  58 179 175 127   1 109 115 243
 157  82  44  32  92 162 239 215  70  11 166 223 197 211][ 82  12 114  99 147  40  60  70  37  35 202 147  11  27   4  80 110 159
 219 128 108 155 197 226 183 224  26   3 101  84 171 142][196 201 152 120 154 152  20 143 186  53 164  25 142 187  74 194 129  87
 233  16  86 105 203  51 251 165  54 127 208   0 141  10][186   4  34 232 139 115  28  71  20   3 230 155  11 191  32 249 120 149
 155 160  56 135  80 206 243 227 154  89  51 108 174 130][250  44  16 254  25 177 146 104 134  20 129   9 172 219  33 209 201 185
 203 226  46   7 202 191 211 241 139  59  18   7  47   2][202 233 144 177 153 217 144 174 142 181 160  25 172 139  66 130 129  83
 235  80  86  73 203 247 175 213  31 127 146  12 141  10][178  36   2 173  29 171 192  73 135  32 201  11  66 216  52 196 216 164
 235  33  12 167 195 159  21  16 137  59 121   8  92 134][ 89 151  53 103  60  14  71  56 229 104 159  68 215  49 152 230  20  68
 124 110 201 161  57  12 161 237  33 212  98 162  80  33][176   3  79   9   6 235 224  70 124  37  99  91  66 136  52 200  56 172
  98   1   0 184   5  20  20  32  16  65 101   9  88   0][ 48  34   7  21  86 139 162 105  22 160 194 206  98 192   0   0  56 172
  98  33  33 249  69  31  20   6  57  52  97  40  22 168][  5 197  82  75 226 169 172 196 109  17 123 242 155 138 236 104 102  27
   2 218  18 176   7 112  38 152   2  64 253 211 225 132][  1  66  74 219 112 162 104   0  52   1  99 208 145   3 152 120 118 140
  34 156  35 150  69 119   4 174 186 192 136 129 168  32][184 232 184  58 205 217  84 198 151  63 164  25  34 221  99  24 201 226
 227   0 110  47  74  51 251 211 212  59  83  92  94 202][ 97 134  66  79  52  34 106  50 116   1 111 208 243  35 144 112  80 230
  40 172  61 158 197  15 172 238 162  64 128 162 112   0][ 97 135 193  77  44  10  78  43 112 132 235 192 227  32 144 114  88 230
 104  46 220 186 229  10 162 188 196  16  96 234  82  12][252 164  16 160  13  13  66 200   6  57 129  75 199   0  73 132 217 132
  74  99  78  39 217 151 153 192 137 127  56  11  58   2][188 164   0 161  77  43 198 232  82  50 177  27  83   9  25 153 121 140
  71 163  44  54  89  31 241 193 129  53 117 123  90   2][188  36 236 101  69 111 199  88  86 230 183  11  83  57  91  57 120 132
  87 174 168 182 125  26  87 203 225  53 231 235 118 226][244 109 248 126  92  73  87 248 211 182 165   8 115 241  73  51  25 248
  68 106 106  99 234  59 115 137 101  61 115 187  86 226][181  96 103  68  12  86 199 248  80 230 243  14  83  96 157  53  88 196
 100 238 233 247 253  12  49 170 225  20  97 187 114 100][245  77 117  78 124  94  71 248  65 192 224   8  83 208 165 245  88 236
  68 110 233 163 255  44  49 168  37  56 115 187  82 228][189  65  71  76  20  22 206 252  84 192 242  70  83  64 181 241  88 228
  12 238 237 179 117  12  48 235 167  20 105 187 120   4][ 48  13  19 108 188 203  71 113 213   0 248  10 247 241  33  36  24 250
  70 106  89 187  80  61 241 172  32  16 114 171  68 169][ 49  71  78 230  20   6 238 117 100 128 255 198  81  74 178  96 124 228
  30 238 237 179   5 204 240 233 167 128  45 178 248   0][ 61  13 115 207 244 142  71 113  69 136 251  66 115  81 176 228  88 236
  22 106  89 186 113 172 181 236 164   0  62 170 240 160][ 53  29  99 237 244 198 227 113  69 200 219  66 115 217  48 228 120 174
  23 107 217 186  48 238  63 236 162  64  47 171 112 160][ 23 141 107 197 212 150 238 113  36  64 223 198  81  79 180 224 124 172
  23 239 217 152  53 206  39 109 171 192  45 162 248 176][ 23 159 106 165 178 162 171 115  52  64  91 231  89  46 178  96  54 191
  23 239 149 152   5 206 252  45 171 192  45 167  33 209][  7 157 107 129 212 150 235 113  60  72  91 199 217  14 180 224 124 171
  23 255 145 152  53 222  47 125 171 192  45 135 113 244][  3  60   2 186  93 245 154 194 143  65 216 143 172 206  39 132 201 171
 155 133   6  11  90 253 145  84 154 187 156  79  59 222][ 23  30 123 161 114 163 187 210  60  69  90 231  29  47 163  64  54 189
 151 245 144 152  37 254 124  39  42 194 173 205  33 209][ 31 179  99   3 242 211 171  81 105 229  93 231  73 204 254 164  62 139
 151 253 151 144  44 220  62  12 175 196 231 134 191 245][ 42   5 242 161 231  41 252 199  47  63 122  19  13 171 116 216 239 139
 183 144 146 186 195 224  55 221 158 193 247 220 245 203][  6 207 242 147 229 184 188 135 175  27 121 114 172 174 252 203 239  91
 183 147 150 120 138 224  14  26 222 235 148  95 137 141][130  94 118 147 228 188 188 135 173  27 123 118 140 138 244 207 239  11
 159 147 179 124 194 224   4  24 250 234 158  93 161 157][110 221 177 242 253 244 159 183 155  95  61  25 108 255 127  63 135 115
 149  19 247 111  58 227 251 223  92 251 218 117 135  95][189  68 109 110 116   7 203 120  84 202 245 222  83  65 177  33 120 232
  22 238 233 182 109  14 114 171 225 132 127 187 112 224][ 18 151 190 190 139 224 185 103 190  21 202 179 172 254  42  66 231  51
 171 129  82 137   3 215 193  55 218 203 148  68 165  91][177  73 101  77 116  19 207 252  85  64 240 198 113   8 181 229 126 232
  22 239 233 178 109 189  52  40 161 144 127 187 112 188][132 168 156  49 164 235 184 139  62  51 194  24 253 120  73  89 147 175
 106  16  50 252 203  51 205 243 125  81 132  64   5  10][117  99 237 110  44  15  79 248  67 104 177  76 115 105 153  48 220 192
 124 238 203  35 203 189 243 217 229  60 125 187  82  32][ 82 203 190 188  27 192 188 103 191   5 222 163  44 174  34  64 230  59
 171 129  86 137 130 229 240  39 158 139  21  20 173  75][ 18  79 110 172  22 130 143 253 132   4 216 231 113 202 179  64 126 233
  31 231 204 131  12  61 240 165 174 129  53 186 185  89][134 168 214 147   3   8 120 232  63  55  67  17 236 234  92  95 227  29
 255 145  34 220 139 241  13  58 223 199 128  32 101 142][183 130 255 229 126   3 233 120  87 240 241 238  89  11 253  43 126 141
  55 189 169 118 109 204  28 139 235 164 109 168 114 161][183 162 231 228 124   3 233 120  81 240 245 238  81   9 189  35 126 141
  87 253 169 247 109 204  92 138 235 172 109 171 114 177][ 51 207  74 141  86 147 206 125  68  96 216 231 113  72 182 224 126 170
  22 239 205 187  69 191  50 109 170 128 125 142 248 156][ 88 233  58 228  53 204  83 183  43   9 238   8 191 151  64  16 178 237
  93  88  74  59 208  61 251 245  36 121  98 146 134  59][ 61  67 105 108 124  31  75 120  71 200 253  78  83 201 157 114  92 224
 125 238 201  34 111 156 242 249 161 188 127 187 114  32][ 57 203 105 109  60  31  79 190  71 104 188  76  19   9 209  48  88 196
  94 108 201  42 101  61 246 205 165 188 127 187  82 169][ 18 249  58 188 115 192  53 102 173   4 204 163  44 159  34  80 166 187
 143 193  66 139   2 237 243 229  26 139  38  20  39 203][ 40 251 123 104 116 207 127 247  96   8 124   8  55 151 176  48 126 184
  23  76 203 186  32  61 119 237  32 168 112 146 230 249][128  48 150 153 109 237  48  67 255 123  80  49 140 158 100 107 199  29
 238  16  50 124 131 209 135 146  82 107 144  12  33 223][ 18  90  66 188  83 144 186  98 189 132 210 231  45 206  55 192 102 233
 139 199 196 139   6 236 146 101 138 139  45 165  41 221][ 61  75 107 236  86  18  79 248  69 192 255 230  83  68 187 112 126 232
  22 238 201 178 108  44 242 237 161 132  45 187 114 241][ 55  95  75 204  86   2 238 252  68 192 252 230 113  65 189 100 126 232
  23 238 201 178  37 143 118  44 175 128 125 186 120 217][ 26 249  42 174  87 209 154 224 141  68 220 171  44 222  39   0 238 185
 159 195  78  11  50 253 243  85 138 187  55  15  53 223][ 11  18  98 137 119 147 168  91  95 201  82 231   8 136 182 172 126  41
 151 157 133 184   5 220   6  90 186 130  95 140 121 221][ 65  34 216  87  34  42  70  18 118 163  99 240 243  34 200 120  19 110
  44  24  56 212  69  42 140 174  53  16 228 224  64   1][178  12   2 225 129  34 108  71  53   3 202  19 131  43  36 217 232 159
  75 161  56 155  65 162 181 240 218  83 161  89 178 134][242  38   2 173   9  39 132  79 133  46 200  83   6 154  36  81 216 173
 104 161  60 135 193 158 144 240 138  27  17   8 164   6][248  80 245 118  72  76  85  48 225 210 163  24  87  55  73  63   0 212
 108 106  73 103 187   0 209 162 117  24 106 177   6  50][194 234  20 186  27 137  18 166 143 176   0 137 172 194 100 134 133  99
 234  85  70  77 202 247 173  16  31 123  16  12   1  14][ 16   1   7   3  86 235 160  68 116  33 227 222  67 128  48   8  56 172
  98  13  19 185   5  29  20  34  48  64  97  11 245 160][ 49 165 106  39  20  42  66  34 112 224 235 140 115  33 144  16  24 238
  64 174 121 186 213  15 232 172 129   1 109 162 114 136][182 100  65  89 201 161  70 206 165   6 233  82   0  66  37  88  72 168
  74 170  46   6  70  82  52 132 146  43 185  83 226 134][ 48  94 154 186  44 233  86  70 191  30 168  41 102 249  97  24 137 122
  65   1  10  43  10  59 241 150  21  59 208 120  86  74][190 132 196 203 205  43 206 174  17   3 252  26   3  35  29 157  89 202
  23 170  56  34  81 162 183 234 212  61 183 248 218 162][188 118  92 234 205  89  87 248 147 182 181  40  67 209  73 153  25 216
 198 114 106 103  90  30 251 195 101  61 242 187  78 162][244 255 253  70  92  73 215 248 115 180 164   8 115 241  77  23  25 216
  69 106 106  99 218  63 123 137 101  60 115 187  70 170][245  77 117  78  28 223  71 121 196 224 224  72 115  84 181 181  24 228
  68 106 237  35 124  61  49 234  37  56 115 186  86 236][181  73  79  44  28  86 198 124  84 192 243  68 115  72 179 241  88 228
  14 110 237 179  93  12 176 235 165  16 105 186 120  20][177  79  78 173  20   6 206 113 100 128 255  70  81  75 178  97  88 228
  30 238 237 179  85 140 240 169 167   0  45 186 248   0][ 48  13  19 124 242 203  99 114 197   4 252  34 183 245  33  36  42 250
   6  72  27 187  32  61 177 164  32  72 114 139  36 169][ 56 137  26 186 120 165  27 198 166  13 236 129 183 231  35  16 236  59
 135 192  10 139   2  61 249 133  42  41 144   3  47 186][ 23 157 106 225 180 150 234 114  44  72  94  70  25  59 180  96 124 175
  23 239 145 152  21 252 125  45 170 192  45 167 121 176][ 34 185 138 186  93 245  26 198 142  65 216  11  44 254  35 144 200 171
 147 197   6  11  82 253 149  85 154 187 156  95  59 222][ 23  15 107 161 178 162 171 114  36  64  90 231  29  47 179  96 118 191
  23 237 145 152  37 254 252  45 170 192  61 167  33 241][ 31  61 107 128 214 243 187  83  61 200  95 163  25 220 183 164 126 171
 151 247 151 155  36 236  58  13 171 194 167 135 127 245][ 42 211 226 192 245  17 254 215  15  37 124  47   8 173 116 204 110 155
 147 208 146  58 128 224  62  93 150 239 199 220 246 203][  6 187 242 243 228 136 254 196  47  81 123 231 172 170 127  88 239 219
 183 211 214  58 202 224  46  92 222 235 140 223 233 157][177  76 101  77  28  15 207 244  84 106 246  70 115   1 181  37  72 228
  30 238 233 183 101 190  36 170 224 144 127 185  80 237][125 235 105 108  60  11  79 252  67  40 188 206  19  73 209  52  88 192
  76 110 203  35 239 189 250 221 165 188 127 187  82  40][ 64 156 156 181 185 174 176  39 172  59 106  48 172  62   0  90 135  55
 238  17  48 249  67 221 141 183  82  67 128  64 165  27][161 217  99  77 116 143 239 119  85  64 126 226  51  17 180  37 126 168
  22 104 241 184 101  95  36  12 164 128 127 136 240 172][ 18  75 122 188  27 192  57 102 173   4 208 163  44 143  39  80 230 185
 143 192  66 139   2 253 243 225  26 139  53  20  37 203][169 251 123 232 116 141 127 247  53   8 124   8  63 147  32  48 230 184
  23  76 202 186  48  63 247 205  32   0 120 144 226 187][  2 156 182 153 177 236  48   7 174  31  90  53 172 183  34  74 229  51
 171  16  18 216  19 213 141 182  90 195 144  64 141 155][ 51 143  67 204  86   3 207 127  84  64  88 198  49  72 180 100 126 136
  22 237 201 186 101 223  48  44 175 132 125 174 112 188][186  89 122 190  87 209  26  96 149  68 212 171  47 223  35  16 238 185
 151 195 106 143  48 255 243 193 138 171  55  15  45 219][ 16  68  78  23  22  10  96  48 116  33  67 210 115  32  24  99  56 238
  32 108  40 248  69  45 164 162 240  64 165 169 208 128][178 100   2  24 136 161 134  79 132   3 202  57  34 192  36   9 200 168
 106  19  59 163 130  82 176  32  16 122 217  89 160 132][188 132  92  58  73  59  86 201 223  22 161  25  71 232  43 153 217 144
 198  34  46  39  90  19 211 211  65  63  80 127  78 130][180 237 252  82  72  77 215 248 210 180 164   8 115 215  79  51  25 208
  68 122 106 103 234  49 123 139  37  61 115 251  70 234][189 104 117  78  12  91 199 248 210 162 180  10 115 216 213  39  24 240
 108 106 233 103 238  63  49 202 101  60 119 187  86  36][244 253  85  84  24 207 199 252 242 180 180   8 115 213 197  53   8 244
  68 106 105 107 250  61  57 200  37  60  99 186  70 168][185  73  79  44  28 223 198 113 196 192 241  72 115 216 179 241  88 228
  94 111 237 167 117  12 177 235 101  24 121 186  88  20][177  13  87 204 148 223 102 113 196  64 250  66 115 208 160 225 104 186
   6 106 125 187  48 173 179 233  32  64 113 171 240 172][ 16 141  26 248  88 201  83 246 182   5 236   1 183 199  35  16  72 186
  71  72  10 139   2  61 249 133  32  73  48 129  38 170][ 17  29  74 232 180 134 238 114 196  64  94  66  49 153 176  96 104 170
  23 239 249 185  20 252 121 237 170  64  61 137 120 136][ 56  57  10 186 217 245  26 194 142   1 216  11 189 222  35 144 200 187
 151 209  30  11  82 189 241 197 170  57 144  15  43 202][ 19  15 110 161 180 134 235 114 164   8  90 199  57  47 179  96 110 239
  31 239 216 152   4 252 252  45 170 192  61 165  33 120][ 23  61 107 128 246 210 187 115 221 200  94 163  57 220 183  36 126 187
 151 221 213 155  36 236  59  76 171 192 167 135 117 245][ 44  92 127 127 100  46 113  50 228 138 127   0  91 125  49 123 110  36
  55  42 161 180  49  12  71 235  96   0  99 251  84 163][169  92 127 125 100 143 115 114 244  26 118  16  59  25  49  57 110 112
  22 110 225 181  48 111  71 171 112   0 115 185  98 171][216 249  26 184  49 204  18 166 185  13 226   1 174 159  32  80 164  59
 221  64  74  11 146 255 251 245  30  91   0   0 167  75][ 18 203  58 254  27 192  25 101 173   4 228 163  44 143  34  80 238 187
 143 192  74  11  34 253 243 241 154 139  17  20  37 235][169 221 123 120 112 205 127 246 244   8 116  16  63 147  32  49 110 184
  23  76  99 190  48 127 103 201  48   0 114 144  98 171][190  92 111 190  87 243  88  96 149  70 213 179 109 223  35  73 126 185
 151 163 108 135  48 142 211 227 202 139  55 109  52 242][188 237 125  86   8 207 215 252 210 182 180   8 115 213 197  39   9 240
 108 106 106 103 250  63 121 202 101  60 113 187  70 104][249 105 117  92  12 223 199 252 210 226 176  10 115 216 149 165  24 244
 108 106 233  39 238  61 177 202 101  56 113 186  86  44][185  73  95  44  12 223  70 113 196 192 242  74 115 216 176 241  88 228
 126 107 237 183 116  45 241 235 101  16 121 186 216   4][176 201 119 124  20 222  70 115 196  64 242  66  51 212 164 225 104 176
  14 106 121 171  52  61 177 233  34  64 113 171 228 172][ 16 137  90  88 216 205  83 246 181   4 236   1  51 199  33  80  72 186
  79  72 122 139  82  61 241 137  32  73  50 129  36 170][145 153  95 248 180 198 230 115 196  64 214  66  49 217 176  97 106 160
  30 235 249 185  20 253 243 233 162  64  61 137 249 168][ 56 169  10 186 220 193  26 214 150   5 248   3 183 219  35  16 200 187
 151 209  30  11  82 189 251 197 170  57  48  11  43 138][147 141 111 181 148 134 111 242 172 136  90 198  57 171 176  97 102 231
  31 239 241 153  52 238 240 105 170 192  45 161 113 104][159  29  99 218 214 215 175 113 132 204 221 162  57 220 181  32 110 187
 151 219 252 187  52 238 123  72 174 192  39 143 245 245][ 28  17 246 229 199 110 117  71 233 145 126   2  30  63  40 122 162 151
 247  16  16 185  17 192 211 255  86  71 226 120 229 163][248 233 127  94  24 205  71 247 240  12 228   8  51 215 132  53   8 242
 108  74 104  43 242  61 115 235  36  56 113 144 198 106]