[248 148 108   5  27 251  83  39  48 103 238  27  67  37  10  16  25 134
 200  48  60 191 113  31 123  39  16  81 227  12  94  74][195 186 165  23 170  44  41 159 250 251 130 252 244 166 212 111 167  71
 120  29 179  77 255  96 140  50 223 214 140  64 145 125][211 186 133 178 168 188   0 143 171 251 130 253 166 130 192 155 133 199
 236  21 191  77 203  49 152 112 125 250 136   5 139  93][205 167 129   3 176  12 111  61 116 175  47  84 231  99 218  86  21  70
 108  44 240 220 237   2 236 173 101  68   2 226 195  64][ 82  50 189  28  42 118  17  24  58 253  87 109 118 212 194  25 148  77
 229  81 135 208 187  17 200  35 125 255   8  33   6  87][249 189 228 119 153 126  85  63 115 255  46  60 107 125 210 182  17 238
 249  28 189 248 237  46  75 239 117 117 227 228 222  92][180  66  81 126 105 201  86 232 159  28 177 105 103 211 173 149 152 241
 196  98 110  39  74  63 178 208  97 191 114  59  70 135][244   6 117  70 200 104  71 168 225 182 171   8  83 119 205 246   1 212
 108 106  40   7 234  10 187 232  97  60  98 227  70  96][244 104 223  70  34 107   3 128 160 162  42  40 118  55 193  58  34 116
 100 114  33 231 160  42  17 132  37  49 224 115  70  40][ 33  61  51  69 197 124 230 103 105 226 104   8 178 184   4 182 136 110
  64  40 133  58 178  15  39 220   4  42  73 106 203 142][ 32 239  88  95  58 201  23 190 158  60  60  40 182  51 193  16   3  90
 198  74  98 104  74  63 111 141  53 185 112 153  78 171][237 117  25 111 202  79  23  56  90 226  36  24 215  49 129  48  18  84
  90 106 113  36 249  62 229 239  37 120  90 123 131 178][101  77 238  22 108  26  70 160 241 230 183  13  98 104 151 191  24 230
 228 110 236  99 237  44  54 123  69  19 103 255  90  68][197  61 146 115 193 110  49 211 122 179  43  24 158 243  65  58 177  95
  96  16  17 240 154  66 205 156   5 102 200  97 131 162][ 40  96 184 119  52 104  65  76 123 151  37  24 179 225  91  59  25  90
  64  24  42  96 249   0 231 223  20  57 194 248  86 226][196  53 147 112 211 109  49 195 250 179  43  24 158 247  69  59 177  95
 112  16  49 120 154  66  93 152  21 111 200  97 135 162][225 133  93 108 140  74  68  57 225  50 162  88 211  33  24  83  64 198
 108 106 121 232  69  13 167 235  96  84  97 160 208  32][184 119  18 188 121 203  86 248 151 172 240 233  79 213  33 145 158 241
 199  98 108   3  74  30 242 209  33 187 114 191  14 131][ 32 182 125  89 123 249 145  75  91  55  60  56 102 125  76  60 147  26
 226  16  51  40 106  23  79 215  17 127 211  72 198 231][228 180 253  82 211 251  49 194 251 183  37 184  30 151  76  62 167 209
 192  16  51 111 186 118  95 215  21 119 195   1 135 242][240 105 251  86 136  76 197 213 227 134 244 136  51 197 199  62  42 252
  68  74 202 103 242  32  83 168  36  56  97 240 198 232][118  99 232   7 222  83 223 205   2 228 217 175  67 108 223  16  88 221
 241 195 204 178 237   2 122   5 173 181 229 123 214 214][220  56 191  84 203  96  29   2 187 211 230  24  62 183  69 126 160 247
 248 144   9  71 178  96 211 250  84  27 130 113  38  58][ 54  61 171  14 210 103 151 235  18 236 201 175  16 252 118   0 253 127
  19 167 177  59 184 126 121   4  13 191 213 107 182 243][ 58  89 238  93  94  82 119  62 214 228  78 162 113 244 150 102  90 252
 177 233 200 250 239  61 103  43 229 131 103 182 124 253][153  46 150 179  96 235 121  82 180 127 194 185 189   6  67 155 167 167
 206 149  44 223  69  98 212 193 120 145 160 197  39 249][220 170 243 114  11 233  89  80 179 182 165 184  15 135  65  31  39 185
 228  24  42  79 170  66 219 193  81 127 226 128   6 242][253 187 243  70 232  92 207 252  97 142 116  40  51 182 192  54  62 254
  68 234 217 111 188  40  49 232 101  40  99 243 230 237][248 157 119  78 226 116  79 180  32  46 238  40 113  55 133 115 118 246
 100 234 121  11 186  45  57 170 228 216  35 179 102 249][246 111  64 172 223   2  78 238 145 162 184 203  67 109  53 134  95 245
 197 231 108  43 204 174 178 246 133 191 117 255  86 158][243  78  96  38 116  26 206  60  81 230 186 207  99  40 150 148 222 230
  69 103 236 175  69 174  50 254 133  16 111 255  90  92][125 189 211  70 226  92 199 112  96 202 120 104 123 246 196 183  62 125
 100 106 213 250 244 107  49 168 101  40  99 179 102 229][ 89  53  23 101  48  46  66  25  97   8 107  76 223  83 136 244  54 196
 108  40  17 128 145  79 162 252  32   0 106 162  35   1][222 160 151 176 199 116 176  65 178 179 131  19  76 251 104 139 233 149
 235 145  28 117 131 194 219 195 223  71 227 108 173 130][209 204 149 236  56  14  86 191 123   9 234  88 255  51  32 242 214 213
 124  72 105   5 203  63 179 254  98  22  24 176 225   9][109 133 149 109 156  75  71 169 107 233  43   8 243 113   8  48  17  86
 108  40  41  32 121  31 237 255  37  20 120  42 194  34][ 85 225 157 103   9  75  71 136 115 240 171   8 119 113  72  51 177 220
 124 106  75  96 249  57 141 187  69  52 104  51 195  34][ 45 120 127  98 201 253 151 216 102 210  60   8  91 220  71  57 137 249
 114 210 147 230 118  96  67 217  65  72  65  83 103 242][201 228 149 190  89   6  76  31  49 136 235  80 254 115   0 243 212 103
  76  60 103  82 211  75 165 250  54  24   8 112 131  11][ 65 198 157  76  40  10 103 175 250  50 170  72 247  98 136 119 147  70
 108  46  97  97 139  75 160 190  69  28  64 240 195  44][115 205  64  38 116  27  78 164  89 226 250 205  99  40 158 148 154 230
  84 111 237 171  69 175  58 254   5  18 109 254 218  76][126  63 101   7 217 223  79 248  35 252 172  12 110 119 129 150  40 226
 213 238  26  11 121 125 255  65 165 181 162 247  94 104][193 238 145  63  60  44  71 159 123 155 107  80 230  98 129 119 208  78
 108  60 233  80 203  42 165 250 103   4 128 112 163  44][228 106 189 118  40  77  85 136 195 182 165   8 199 209  65  58 129  84
 104  82  64 103 251  34 193 214  85  63 192 123 198  34][228 102 152  98 136   9  21 137 154 182 165  24 198 195  73  26 147  88
 104  18  98 103 218  18 203 151  21  61 208 120 135  34][165 106 177  99 108  15 226 216  86 250  81 104 209  24 209  40  93 108
  22  95 129 244 237  48   4   8  37 164 221 187  82 161][ 25 217  86  91  53 159 114 181 119  73 126 100 251  89 154 196  86  10
 132  92 207 184  73 189 238 239  32  64 110 142 120  29][ 63 189 108  66 249 217 223 248  35 120 188 168 122  22 207  55  44 210
 212 234 223  11  63 125 122 217  37 247  91 151 202 181][224  72 157 252  40  77  65 134 132  30 164   8 178   7  65  27 200 208
 111  64 106  78 115  41 197 147 240  56  80  25  68 106][116 116 185  84  88 108  85 159 186 183 172  24 151 247  73 126 129 252
  72  24  11  71 250   0 193 165  21  60 128 112   6 123][165 117  53 103  42  15 150 188 105 234 179  76 254 120  15 179 158  69
 108 110 205 242 217  44 164 218  69  22  73 114 195  21][ 56 225 125 120  11 221  21 255 166  63 164   8 131 181  72  16   9 154
 238   8  74  43 106  21 251 207 117 125 115  24 198 107][238 187 118  66 249  84 126 252 163 249 164 168   8 159 206 179 196 222
 212 242 255  75 250 228  59 217 213 255 170 151 254 159][100  45 251 116 216 108  65   3 170 181 175  24 151 183  65  26 129 126
 105  24  26  75 242  32  73 184  21 124 192 225 198  34][ 35 103   6  22 113 159 109 116  61 238  94 200 110 230 159 181  52 110
  86 108 225 209  36 255  52  22 188 178   2 246 210 253][ 52  45 153 118 216 236  17  66 163 189 172  25  54 183  73  26 165 255
  69  16  10  67 226  32 217 164  16 122 160  81   6 234][ 56 104 184 126  25 237 211  66 206   4 172   8 191 221  65  24 136 114
 207  66  10  43 122  57 211 143  48  57  81  89  70  42][ 64 113  51 101  36  78 101  53 104 170 114  96 151  19 192 114 160 124
 108  74  65 244 177  10 229 184  36   0  72  50 193  43][184 232 249 250 205 205  93 207 147  51 165  24  27 151  64  60 201 154
 113  24  74  14 250 179 221 217 213 125 178 152 214 162][236  33 181 240 205 237  81 135 195 185 164  24  30 147  65  59 193 190
 104  24  26 107 250  16 219 217  85 127 226   9 198  34][136  89 159 101  32  14 117  49  60 170  98  96 247  51   0 114 182 116
 108 106  65 252 145   8 229 170 100   0  72 178 195  59][ 93  60 149 101 176 110  67  50  96 170  46 104 214  51   1  51 145 116
 108 122  41 240 209  10 237 246 101  20 232 225  67  51][236 241 157  97 169  77  85 157  99 186 167  88 214  21  73  58 145 212
 108  56  75 116 251   0 221 155  85  53 224 122 198  35][ 97 199 113  71 178  26  15 183 105  40 186 104 246 114 140  52  22 214
  92  40 185 137 105 111 174 190  32 210 196 162 130  45][201  49 151 101  34  14 101  48  56 162  98  76 247  51   0  83  54 117
 108 106  97 208 145  12 228 162 101   0  40 176   3  41][108 160 184 120 205 253  81 139 243  61 165  24 130 209  68 190 129 222
 236  24  26 110 234  19 203 253  21 127 210 105 198  34][116 181 121 112 248 204  81  19 162 181 173  24  19 151  76  59 161  30
  64  24  26  75 186   4  89 136  21 126 192   0 198 226][225 107 117  71 106  13 175 180 232 168 114 104 241 115 204  51   6 118
 102 106 193 114 224 104 100 136 101 168  72 178 195 169][ 65 213  24  89 240 210  13  63 118  67  78 240 213 118 138 241  85 159
 188 168 249 154 117  87 228 167 171  68  24   0 171  48][ 81 175  23 165  16  14 111 183 112 128 202  68 247  35   0  83  52 238
 104  46 121 216 209  45 249 170 102   0  40 226 161   8][116 228 176  82 153 249 209 143 203 189 173  24 162 249  76  31 137 222
 232  16  58 107 218  19 251 221  21 123 194  72 214  42][ 17 149  23  45  19  14  37 255  53  71 106 100  46 114  42  84  54 207
  66  44 225 152  21  71 164 190  80   2 122 212 163 253][236 176 184 100 168 125  80 138 122 183  37  24 215  61  72  58 149  87
 232  18  24 100 251  16 223 223  85 125 224  97  70  34][ 81 134 133  45  56  46  71  63  52 203 202  84 247  99 152 210  81 198
 108 172 185 200 211  15 168 166 229  16   8 226 160  48][224 236   8 115  93 205 199 239 214 182 160   9 226 201  92   3 201  98
 106  82 106 103 218  55 109 144 133 125  81  24  86 138][164 232 149  59 217 201 145 207 134 189 160  25 198 245  64  18 201 114
 107  80 122 111  74  51 237 146  29 127 208   8 150 170][141 124 253  67  13  95 243 216 115 250  53  72 218  89  93  63  19  80
  84 122 225 100 249 106 111 219 101 102 203 179  67 179][196 143 174  62 193 254 102 183 252 223 110  81 238 240   2  91 161 102
 104  10 244 253  26 110 111 247  84  67 192 117 239 219][173 112 189 115  65 236 145 220  98 208 228   0 250 220  75  58 156  89
 112  90 139 102 251  96  67 217  80  74  65  19 102 250][ 90 209  18 254  57 148  94 229 175  25 170 109 110 219  44 212 134 179
 253 192  78  11 154 245 178 248  11  59  90  22 169  31][ 22 155 243 201 178 142 107 159  63   9  94 228 215  87 128 116  23  62
  29  28 251 152 105 127 236 254  60 196 182 128 128  49][ 73 245  48 109  49 210  20  63 112  67 206 112 217 113 152 224  84  30
 120 168 239 168 245  15 230 111  39  72 106 144 171  16][120 164 174 108 153 254  81  77 163  31 239  25  67 231  42  90 217 134
 237 176  30  99 219   2 219 229 144  93 227  66 238  66][253  78 126 118  44 159  86 112 233 142 183   9  83 153  55  57 138 100
 117  79 236 167 170  44 243 251  97 153  69 187 126  75][240 235 252  54  28 137  80 228 235 180 160 143  39 233  67  19 170 247
  73  65 110 107 218  57 250 225  85  49 101  24  94  10][237 209 249  71 224  94 119 188 122 234  37 100  88 115 205 115  86  92
 124 106 225 112 249 106 103 233 103  36  74 243 226  49][  9 186 168 187 160  44 189 158  62  91  94 213 189 255  81  72  55  27
  63 157 146 216 155 113 205 157 127 128 156 240  17 123][112 235 254 118  21 156 116 167 227  21 174 141  47 233  70  18 171 231
 232   4  78 107 154 165 251 249  20  57  97 154 206  10][ 65 151  30 231 168  14 110 181 169 176  75  68 245 115   8  83   6 215
 124 110 209 216 209  45 237 185 109   0   8 226 136  49][ 73 245  58  68  87  31 117  53 112 234  78  76 122 113 158 180  54 238
  92  44 225 194 181  79 118  15  37 160  46 212 155  73][ 85  61 145  99 184 111   3 152  42 248 169  76 215 119  73 242 149  93
  92 122 153  80 249  40 137 216  45 116 136  99   3  49][ 56  54 216 106 251 171  16  87  63  63  45 189  46   3  66  24 167 187
 199  16  50  75   1  82 218 213  16 115 250 192 138  27][141 132  46 241 164  46 236 151 124  51  67  86 213 201  88  73 205  15
  59 159 242 244  83  64 197 171 254  68 140 216 209 128][120 226 220  97 168  41  81 158  34  61 188  57  39   3  74  26   1 146
 205  16  10 111 203  49 219 193  52 125 240 208 206  43][225 181 176  69 201 124 228  47 233 226  40  24 214 184  68 178 129 102
 112  40 181 126 210   2  47 190  85  62 200  96 195 142][176 192 200  25  19 139  97   7 118   7 230 145  67   1   2  88  57 136
  72  24  42 188  85  23 197 167  16  81 241   8 220  72][ 92 110 218 166  34  40  95 148  32 134 206 173 247  99   3  90  38 245
 109 230   8  69 129  42 208 167 104 137  36 243  39  75][ 71 113 157   5  42 215 191 152 142 252   7 229 220 198 199 199   7 101
 249 127 199  65 255  25  44  11  47 156  14 183   9  85][244 185  28 254   9 205  87 169 135  54 165   9 103 241  96  19 137 242
 109  66  90 107 218  61 203 211  65  59 112  43  70   2][225  20 151  84 217 126  80  23 123  99 166  24 222  50   4 255 145  86
 104  56 181 111 241  78  31 251  84  86 202  64 203  30][113 213 221  70  26  86 204  61  97 192 188   8 115 126 140  54  28 213
 244 232 205 226 119  72 187 186  69  16 201 242 234  60][ 45 121 211   6 102  95 230 208  74 234  61  78  83 120 215 166  58 108
  86 111 193 240 157  42  38  28  37  48  79 254  89 133][214 188 142 182 170  56  94 238 178 219 128 253 239 250  75 155 135 231
 237 151 126  75 154  51 250 231 125 255 168 113 171  27][208  89  87  86   2  72  21  52 225  18 166 104 127  23   0 127  38 180
 108  98 105  13 176  45 177 162  80  10  96 144   6  56][232  98 206  37  36  26 102   5  97 174 246 169 227   8 215  30  88 228
 108 110 204 244 229 138 230 223 229  17  78 254 218  76][248 141 108  37  15  91  87  33  17 166 198 137  99  41  18  23  88 230
 233  98 124 250 245   9 246 227 192  17 103 238 222 206][176 241 120 120   8 205  85 238 234  55 164  24 179 151  76  49   1  26
  68  72 106 111 178  55 115 153  84 125 113  16 199 234][ 28 249 251  98 195 123 183 200  70 113  63  10  91 220 121  40 191 216
 178  83 151  50  63  48  83 201   5 101 241 251 237 246][ 38 243  34 184 189 197 147 207 143 157 216  37   6 220 118   0 221 123
 207  81 158 107 186 181 185  16  15 251 208  29 181 215][ 53 247  88  46 184  15  70 248   2 200 173 205  83 227   9  16  92 200
  68 110  75  35  91  61 242 132  37  60 120 251 202  17][100 164 197   1 176 106  97 139  59 243  43 152 195  34 200 127  17 206
 104  52  57 212 205   6 140 246  85 100 194 229 198 116][  0 237  29  99 155 201  55 174 126  49  44   8 254  51  72  48 179  83
 106  80  67  56  43  55 237 135  21 119  80  26 135  42][108  34 228 103  76  44  65  24  99 245 163 137 195  77  95  30  16 196
 108 126 142  96 239   0  79 248  81  21 227 167  86 100][ 41 189  51 125 213 253 242 103 120  65 104  24 182  56  22 176 153  46
  66  41 181  56 208  15  45 255  16 106 201  72 203 142][208 241  85  78  98  94  68 180 161   0 167 120  86  23 136 247   6 213
 108 234 105  66 177  77 177 170  64   8 104 146 162  57][ 69  63 159  81 147  46  51  19 122 153  43 124 158 177 193  62 133 110
  76  24 177 240 129  98 205 158  37  70 200  97 195 163][124 108 216 114 121 173  80 222 162 185 168  29  63 219  75  26 137 200
 196  16  14 103 218  34  90 197  53  57 235 209  74 131][133  61 147 113 147 111  49 211 250 187  43  88 158 179  65  58 161 127
  76  16  49 248 146  66 205 156  53 102 200  97 131 163][193 192 213 124 104   8 100  39 249  18  34  88 255  33   0  91 131  68
 108  10  65 101 147   1 148 250  86  24  64 240 203   8][  0 164 121  81 211 233 177  67 187  55  45 152  78 245  76  56 183  27
 192  16  18 115 168  87  95 150  17 119 193  64   7 226][176 233 251  68 200  76 199 245 225 134 180   8  51 221 196  54  40 254
  69  74 200 103 242  32 113 136  37  56  97 242 230 232][252  40 251  80  75 233  89  66 179 150 165 152  42 199  69  31 167 185
 201 144  10  71 162  64  91 211  81  43 226 129  38 242][ 49 173 115  70 192  94 231 246  97 198 124   8 115 252 212  55  62 254
 100 106 217 122 188 107  51 168 100  40  99 242 102 236][ 97 217  83  78 114 222 226 180  97  64 110 104 123 124 149 244  54 228
 100 104 197 186 164 109  60 174  96  64  99 162 106 109][220 220 190  63 179 254  54 231 250 151 106  53 238 242  10  91 161 111
 224   2 118 248 154 111 235 247  87  67 192 117 239 203][ 73 149  48  73 241 222  44  63 118  97  78  80 216 119 152 244  85  62
 152 168 245 152 117  87 230  47 178  68  26 192 138  24][248 168  51 240 205 205  81 198 179  59 164  24  59 151  96  57 169 186
 113  24  58 111 178 179 219 217  84 121 210   8 198 170][108  40 153 112 237 237  81   3 194 189 172  24 182 147  65  59 129  50
 104  24  26 106 226   0 207 217  21 121 192  72 198 162][213  61 159 101 130 110 115  48 233 226  38   8 214  55  65  51  36 116
 104 122  33 248 177  40 201 186  69  18 234 225   3  56][228  48 185 113 232 125  81 142  98 189  44  56 150  53  65  59 129  94
  96  16  26 106 251  48 207 153 117 125 192 121  70 106][ 65 136  17 251  16 142 107  16  54   1 235  68 247  83   0  80  84 181
  74 218  43 152  81 127 229 174  50  64   8 131  34  32][201 177  23 103   0  14 101  49 112 136 107  68 247 115   0 241  16 230
 108 110  89 216 209  13 229 235  96   0  40 162   2  40][108 180 189 112 189 221  80 139 195  61 169  24 147 217  72  58 137  26
 204  16  58 111 250  23 203 215  21 127 192  72 198  34][171 167 198  29 113  31 109 127  61  79 126  92 108  98 158 180 182  10
 246  44 246 154  39 199  36 126  89 130  66 244 235 237][100 160 184 101 200 109  81 136 114 179  37  24 215  57  72  58 145  93
 104  16  18 112 217  16 207 137 117 125 224 113 198   2][ 65 132 141  45  56  14  67  63 118 107 202  84 215  32   0 114 209  70
 108  44 185 216 217  31 237 167 113  20 136 162 208  40][211 156 127  25 147 242  52 183 190  87  74 181 108  62 142 217  39 183
  61 149 183 220  53 119  46  46 126 194 189  84 169 127][197 245  53  39 168  30 198 185 105 234 187 108 222 120 153 179 150  69
 124 110 197 240 253  79 164 250 101 148  72 114 203  69][ 13 116 253  71  32  94 247 184 107 234  55  76 218  93 205  59 148  84
  84 122 225 244 249 104 111 219 101  38  75 243  66 183][213 180 159 245 128  46  37  19 248 147 227  88 150 115  64  59 165 181
 120  32 121 246 147  66 129 186  87  70 200  96 163  35][205 117  29 111 153  79  87 168 118 226 101  24 215 113   9  59  16  84
  88 106 113 116  89  62 237 239  69  52 250 251   3 162][237  68  49 102 253 108  87 168  97 226 175  24 210 117   9  54 217 212
 104  58  41  39 233  46 243 252   5  22 194 251  70  32][241  20  21 253   9 166  80  18 185  26 226  80  63 115   1 251 196 181
 124 160  41 229 211  15 151 250  82  18 152 112  34  43][244 108  58 254  46 173 214  96 249 138 241  13 119 201  35  25 182 241
 109  67 236 167 154  42 243 235  68  27  73 123 107   3][ 69 141  92 229 252  14 111 183 160 168 106  68 245  99  16  82   4 230
 120 238 209 152 217 111 109 172 165  64  40 162 194  32][ 65 143 153 203 176 142  75 159  63   9 206  68 247  67  17  84  53 182
  29 156 187 152  89 127 239 190 182  80 138 128 129  40][240 205  94 254  57 149  94 228 255  16 224  25  47 219  38  81 134 243
 205 194 110  43  26 255 242 249   0  59  88 145 234  10][228  40 184 120 168 233  81  18 150 182 164  25 182 247  67  90 193 122
 105  90  58  78 227  50 195 179 112  57 208 105   6 106][ 67 142  83  77 176 142 107 191  61   9 234 204 212  83 132 116  23 182
  93  60 241 136 105 127 171 190  36 212 136 130 129  33][224 192  29 111  40  77  69 173   7  62 160  24 214  23  72  51 129 144
 108  34 107 100 123  19 245 210 116  60 112  24 134 122][ 51 207  83 125  50 154  74 189 125  65 122 224 115  88 148 244 150 173
  20 108 239 184 109  31 166 254  32 198 108 128 192  13][193 204 149 124  56  46  64 174 251  59 226  88 255  50   0 115 129 197
 108  42  41 103 203  63 160 250  64  28  88 112  67   9][243 237  64 134 220   7 206 239   9 166 136 207  96  96  84  18 121 198
  67 231 104  11 220 127 184   6 141  60  61 122 218 140][115 205 100  63  87 139  78  45  17 161 106 207  99  40  30  21  58 230
  53 101 236 248  93 191  50 254  17  82 119 142 208  78][205 253  25  99 149  47 103 176 114 242  47  92 210 113  81 179 145  68
 104 122 233 224 217   6 239 207   5 100  74 115 195  34][ 75 217 107  15  90 211 167  45 228  68 206 160 241 148 178 100  90  62
 250 239 197 139 229 109 101  37 170 153  38 150  53 252][180 253 107  39 214  67 151 232  20 228 201 175  81 125  24   0 124 254
  19 231 249 186 125  46 121   6 173 244 101  59 182 242][ 91 113 108  93  31 208 191  45 198 196 140   2 120 212 210 102 114 124
 251 201 193  73 255  93 119  45 143  27  55  22 181 238][164  36 185  99 157 109  67   8  99 164 165  24 211  81  73  58  25 220
  72 122  42 114 249  10 207 137   5  53 224  75  86 162][100  36 152 115 217  47  18 140  18 171 161  25  66 113  73  25 153 222
 192  48  42 118 217  18 223 151  21  55 201  89  74  10][193 204  21  60  56  10  68 175 123  49 162  88 199  98   0 215 129 196
 108   0 121  76 207  63 172 246  69  92  80  32 194   4][236  33 145 119 141  77  71 172  90 178  33   8 246 113  73  63  16  86
 104 106  97  98 235  33 239 209  69  61  66 123  70  42][ 97 205 234  78 189 154 102 166 119  71 238  12 227  96 151 244  81 230
 104  78 206 184 229  47  54 127  20  17 226 254 218  76][195 105  43   4  42 213 191  56 174 228 134 141 220 214 211  98 166 101
 121 239 197  69 191  30 241   9  11 188   0  55   3 116][193 135 149  55 188  14 100 171 123  51  35  88 199  98  72 211 129  70
 104  44 117  92 219  43 172 242  85  20  64 224 210  32][115 205 238  85 153 219  87 167 247 103 174  29  98  44 150  62   1 230
 232  12 252 237 247  63  99  62  85  19  97 220 222  94][244 108 157  62  40 137  23  57 154 174 161  41 247 227   1  19 128 113
 109   2 104 103 202  58 241 195 101  56 208 122   7  98][191  50 189  13  42 119  25  24  50 252  69 189  94 213 203  57 150  93
 245  87 139 214 251  16 195  41 105 246   8 135   6 113][228  55  19   8 248 109 147  88 160 236 161 109 198  23 203  27 220 148
 202 114  37   3 248   8  20   0  35 190 216 107  38 243][ 89 190 156  91 155 252  49  23 246  95 110  20 171 243 194 255  33  46
 232  24  55 220 247  19 207 231 116  65 162 196 142  76][116  25 156 254   8 141  85  41 171 182 161   9 118 243  64  18 129 177
 109   2  90 107 218  57 209 146  65  59  80  42   6   2][244  49 153 116 152 108  81  18 170 181 175  24 151 183  65  27  33 126
 104  24  26  75 178  32 201 161  49  56 224  97   6  50][ 52  33 153 114 154 233  17  67 162 181 173  24  55 151  73  24  33 186
 193  24  26  75 226   4 219 133  49 121 160   1   6 226][120 140 109  47  21 122  67  39  97  85 239 173 227  45 146  87  89 230
 232  44  60 184 245  45 238 231  64  81 231 175 214 126][ 76  12  94  59 180 186  99   3 110   7 111 144 235  65 187  84  81  38
  44  28  54 180  45  63 238 255  48  65 210 139 204  64][ 56 185 188 124  25 233  83 214 230  53 172   8  55 151   1  16   8 178
 207   8  10  43 114  57 211 197  48  57 115  91  70  42][237  77  53 102 213 110  71 184  97 202 235   8  82 113  25 113 209 214
 124 106 105  50 249  44 231 250  69  20  67 115 226  34][ 36  96 248 115  85 201  97 140  70 181  37   8 243  65  89  56 153  88
  99  88  26 252 123  40  79 159  85 113 192 155  86  42][252   6  85  68 216 120  71 186 161 166 171  24  83 119 141 246  33 212
  76  42  57   7 233  14  57 238  37 124 226 243  70  96][117 245   9  42 168  13  70 252 162 250 173 237 119 231  75  16  23 202
 108 126  79   3 202  55 248 133  37 188  56 243 138  17][168 108   6 189  13 237 197  78 198 182 160   9 227 225 113  11 201  96
 106  41  42 101 219  25 197 130 209  57 208 121  84 138][244 253 152 182 248  47  86 252 178 250 169 253  87 227  75  18  23 199
  77 102 123  67 154  63 248 135  45 252 184 243 138  19][ 85 229 137 162 184  56  78 188 242 248 137 232 215 246 201 242  23 207
 124 127 207  65 238  51 184 231 173 252 168 243 131  97][ 60 104 248  80  89 221  83  92 162 165 164   8  59 151  65 186   9 248
 195  88  10 103 242  32 123 205  53  57 227 177  78 170][ 65 192 149 185  24 142  65 148  54  41 194  68 214   3   0  80 208 140
 104  92  27 152 209  23 140 166 178  84  24   0   0   8][ 85 188 140 182 186 162  30 238 178 243 137 253 247 250  75  27 183 231
 125 151 127  79 138  43 248 199 125 189 168 115 139  27][ 24  34 218 112  75 163  89  70 179  23 164 189  15 135  99  30  39 153
 229 148  24  71 130  64 210 199  80 127 162 129  38 243][ 53   0 135 181 132 175  69   3  86 167 195  16 211   1  24  72  89  76
  40  30  88 244  81   0 193 170 209  80 224  72 208   0][ 87 240 135 160 138  30  28 143 175 243 130 221 159  38  72 251 183 133
 248 181  93  69 149   0 152 241  95 126 172  68 171  84][ 98 251 235  28 216 219  87 199 115 101 236 175  34 164 166  52  88 238
  98 212 223 250 247  51  63  36 148  43 225  92 246 222][141 229  25 123 180 239  71 191 127  99 111  24 215 113  72 113  17 110
  60  42 121 244 249  62 239 255  53 116 218 216 192  34][ 17 160 146 243 180 174 105 159  55   3  74  20 247  35  24  72 113  14
  61 156  26 216 217  83 205 190 158  68 136 208 209  40][213  92  11 132   3  79   6  96  44 230 130 207 198   4   3 209 116 228
 202 103 109 135  85  14 176  32  75  18  40  63  43  84][ 89 205  94  95 177 218  70 183 247   7 230  16 235  97 134 244  35 230
 236   8 126 233  45  63 162 255  20  67  98 212 202  76][ 59 253 202  64 177  87  79 255  51 237 188 172  27 182 198  52  31 222
 212 216 239 139  60  63  58 223 181 246 235 148 238 125][116  61 157 112 152 104  81 139 186 177 170  25  23 183  65  26 129  87
 105  16  59  73 154  32 217 167  29 124 168  65 135  50][127 245 250  64 249 214  94 255 169 233 172 169  27  63 198  48  87 214
 221  56 220 139 252 142 123 221 133 255 175 214 254  95][133  93 159 119 208  15 103 176 127 162  99  92 214 115   0  50 189 117
 114  98 113 240  25  46 173 158  69   6  72 115 131 130][237  96 249 103 197  78 103 200 123 226 101   8  83 117  25  58  56 220
  80 106 105 246 185  42 229 185  69  52  64 243 198 224][ 84 174 143 190 154  11  94 248 178 242 232 237 119 231  73  17 151 239
 109 167 126 195 203  47 248 135 109 189 168 114 138  19][116  58 154 112 200 104  81  18 163 149 165 153  23 135  67  26   5 223
  77 144  26  67 130   0 219 161  48 121 224 193  38 114][114  46 234 112 218 161  57  66 171 165 172 189  12 167  66  24 167 191
 197 148  18  75 130  82 219 135  57 235 160  65 167 227][ 83 187  10 184 242 185  56 199 171  81  72 253  13 174  74 152 167 139
 213 149  22  27 134 117 158  69  58 239 168  68 171 215][148 221 159  62 162 234  54 239 255 223 106 181 110 255  10  19 179 127
 236  34 124 249 139 127 232 246 119   7 232 118 175  91][204 121  23 117  34  78 117  16 236 128  38  80 255  19   1 119  34 116
 104 106  97 225 179  72 225 233  68   0 106 176  35  51][ 89 241  31 109  18  78 103 180 100   0 106  64 255  19   8 114  54  92
  72 106  65 176 145  73 229 173   2   0 106 178 163  56][ 96  48 189 112 232 105  81  27 234 189  37  56  54  49  72  59 129  18
  96  24  18 107 242   0 223 145 113 123 192  72 198 163][209 104 159 116   2  78  97  48 233 192  38   8 247  55  65  59  34 244
 104 122  41 244 177  40 219 170  69  16  96 177  66  40][100  32 184 101 232 109 113 143 234 179  37  24 150 177  73  59 131  92
 104  48   2 112 248   0 207 137 117  53 192 240  70  35][ 89 157 221 103  48  10  66 186  96  96 110 104 247  49 128 115  18  70
 120 104  57 216 221  45 238 239  96  80  42 162  72  40][232 232  29 254  13 205 196 207 142  59 160  24 182 241  64 138 201 114
 234   0 106 111 218  49 145 131  85  59  80 120 222  42][ 84  53  19 160 214  45 102  89  44 168 155  79 214  83  73  16 176 141
  79  49  83  51 217   0 253 128  47 116 168 106 129   3][195 148  53  91 209 190 176  63 123 105 111  84 216 121 158 245  85  14
  90  44 245 184 253 223  47  62  19 198 218 198 202  21][ 20 160 135 195 133 142 105 131 119  49  75   0 131 163  88  68  81  12
  32  28  26 152 203 128 141 252 151 100 162 202 208 160][117 108 154 174  42  36  22  64 184 138 185 107 126 250  41  16 188 245
  76 227 108 167 136 106 208 164  43  26  72 115  43   3][ 85 108 147 190  40 169  38 200 232 130 137   9 247 194 105  18 178  97
 104  71  68 103 138 106 208 180  11  56   0 115  35   2][192 232 147 190  11 200 166 164 238 144 128   8 167 194  64 130 131  99
 104  67  70  77 158  35 168 160  95  57   0  51   7  10][112 133 193  69 148  10  74 141 119 161 234  64  67  34  29 240  89 206
   8 188  58 250  77  79 185 174 149  84 193 130 226  44][231 204  19 188  40 128 158 234 186  10 160 104 164 218  37 209 206 117
 108 227 108   7 138 127 176 178 207  62  16  49  35  13][192 233  22 188  40 128 174 236 234  16 128   0 228 226  32  83 195  97
 106  67 102  71 142 117 160  50  75  56  16  49 163 136][113 143  81  71 144 138  74 173 125  33 234 192 115  66 148 240  50 198
   0 252 251 184  77 127 184 190 128  64  69 130 194  44][116 180 154 176 137 229  80  67 183 159 171  25 134 251  98  90 193  63
 233  16  30  79 146   2 219 215  21 127 128  72 172   2][ 19 203  85 109  50 139 106  32 125  64 114 224  99  72 148 116  54 173
  52 108 207 184  69 125 164 190   0  66 125 130  72  12][161 109  65 135  94   9 230 236  64 162  72 202 241  96 153  34  58 108
  66 111 101  50 204  46  52   4  39  40 109 250  83 136][148 219   7 189  74 135 166 240  20 232  82 231 116 213  33  65 124 253
 179 231 233 246  27  61 117  34 239 130 105  57  48 187][ 58 129 110  77  93 211 250 237 135  37 238 131 105 201 118 194 120 246
 227 192  94 249 139 181 127 207 129  69 119 142 220 138][ 60 229 109 231  20  67  79 248   4 224 155 195 211  69  25   0  88 212
  93 235  73 144  93  28 225 135 173 148 101 187  84 112][218 237 104  93  31 208 159 109 198 132 132   2 112 217  54  96 112 116
 251 235  98  75 255  63 115  41 139  57  55   2 181 106][ 32 249 227  31 220 207 167 198  86 225 224 197  51 204  21  16  88 250
  67 213 203 250 116  63 109  38 180  32  89  24 118 250][214 223 175  30 178 240 191 183  56  95 223 176 125 238 158 113 119 119
 189 195 241 205 175 111 248 103 255 131 156 119 167 125][141 221 157 119 165 239  71 181 127 178 111  24 214 113   8 121  17 126
 104 106 113 244 121  63 239 187  85  20 202 251 192  34][ 13 113 245  71   4  78 231 185 105 226  43   8 219 125  93  50 144  84
 112 110 193 244 249   8 103 223  69   4  74 242 195 112][ 96 189 233  82 200 205  85 167 115 109 234  25 114 252  84  48 145 182
 105   4 222 122 247  55 125  46  85 115 193  72 214 122][ 60 121 129 167 143  73 135 236   2 164 152 203 183 253  65 130  25 127
  81  67  73 114 216  40 233 197 173  52 165 123  23 186][189  49  45  33 138 125  53  88  36 246 231 189 146  20  75  59  76  28
 202 118 153 144 255   0 197 129 101  38 224 247 134 243][242  36 181 228  27  39  91  41  19 163 129  26  95  61  24  50 151  85
 121  57  32  71 217 158 251 222  93 124 167 160 135  34][251  16 229 115  19 255  19  20  51 103 231 189  83  29   8  60  29 148
 249  49 187 246 113  31 199 239  16  86 227   4 150 115][211 160 135 160 139 124  73 134 170 243 130  24 159 150  82 251 163 199
 120 149  63  77 247   0 153  32  95  92 160  84 129 124][201 120  23 101  17 237  50  50 125 128 226  72 254 211   1  49 160 125
 122  72  33 233 147 109 199 248   0  10  74  49  35  26][253  68  17  84 181 127  86 169 113 226 166  24 210 113  13  61 153 214
  84  58 105 230 233  14 163 254  21  23 194 121 210  38][193  28 159 255 137 166  21   3 185 147 235  80 182 179   1 123 197 183
 120  16  57 205 146  98 141 178  90  66 136  65 163  42][201 180 151  81 193  46  37  23 120 147  99  24 150 179  64  59 133  86
 106   8  49 220 211  66 229 170  86  68 200 112 163  34][228 229 177  71 205  77 231 136  82 170 169   8 210 209  93  51 153 222
  64 106  74 118 251  34 101 137   5  60  65 123 214 162][ 73 248 149 109  25 140 118 191 171   9 234  64 254 243   8  50 132  85
 120  72  67  73 211 105 231 254   6  10  74  16 195  11][120  41  24 108  26 201  83  82 167   4 172  41  55 159   1  16 138 178
  77  80  26  43  66  57 243 197  32  57 113 138  70  42][240 234  29  52  56 137  17 230 190  61 160 173 183 131  73  17 131 211
 109  64  42  15 130  55 209 131 120  57   0   1   7  75][ 80 169  29 176 138 233  17 174 170 181 160   9 167 167  64  18 161 215
 109  80  10  75 138  53 217 130 125 125   0   0   7 106][ 84 120 155 116  24 228  17  18 162 155 172  56  22 183  65  90  33 252
 125  16  10  67 146  32 209 165  49  56 160 113  38  35][ 80  32 154 172  40   9  17  78 162  53 168  41 151 179  98  27 128  85
 104   0   8  75 194  16 208 163 113  57  56  51  15  10][212  62 156 190  40 141  21 113 166 174 129  45 231 227   3  19 132  97
 237   0 104  69 194  58 192 195 105  56  40  98   7   3][197 109 157  83 209  15 103 184 114 178 166  76 246 113  65  55  17 102
 104 126 225 244 249  62 237 154  69  32 200 113  67  40][229 237 157 103 221 127  70 172  99 242  45  24 210  49  72  51 129 198
  96 106 121 118 249  47 237 217  69 118  72 123 218  34][193 236  21  61  40   8  69 175 250  50 162  88 167  32 128 215 129 228
 108   8 105 109 199  31 164 178  85  84  64  32 194  44][229 100 229  87 188 106  71 158 115 246 142 220 211  97 217  63  17  70
 104 126 184 100 237  42 108  58  85  52 198 248  86 108][105 173 149  55 168  10 101 171 107 187  42  24 199  98 200 211 129  70
 108  12 115 104 203  33 172 246  85 116  74 226 194  36][172 100 177  99 221 111  71 200  83 174 165   8 210  81  73  63 153 220
  64 122  40 118 249  42 239 216   5  54 194 123  86 162][205  46 149  85 168  46 101  59 248 138 230  92 182  35  65 191 129 102
 104  44  49 236 211  10 197 186 117  16 200 225  67  32][193   4 149 125  40 172  65   2 248  26 226  88 182  50   1 123 129  39
 108   8  33  77 211  75 129 186  82  16  72  96   3  45][146 242   0 144 107 145 152 238 171 121 144 253 140 134 204 132 135  11
 221  17 199  79 198 213 152  80  30 255  28   4 159 157][ 59 189 250  67  51 215  91 247 119 237 190 132  59  30 134  52  63 254
 212  72 238 153  53 191 123 223  20 211 107 132 230 125][122 253 251  64 253 198 222 255 233 205 188  13  27  61  86  18 175 247
 213 188 250  43 176 206 123 221 133 255 231 244 198 219][ 15 208 149 155 121 157  47 220 159 123 114  86 204 210 110 236 253  73
 186  80  99 180  90 247 172 214 150 102 154  29 129 189][108  40 147 249 205 104  97  66 198 147  64   0 135 161 113 206  73 110
 106  24  16 123 194 160 157 250 214 105 146 105 112 162][214 207 255  62 154 242  31 175 190 223 107 241 109 230 174 113 247 127
 172 162 247 216 174 127 184 231 127 143 176 119 165  93][122 190 236 182 155 241 152 235 179 127 148 187 105 238 218  19 239 227
 253 133 190  79 206 183 218  71 251 251  39   4 158  95][216 233 190 222  31 196 151 236 198 148 134   2 120 221 116  98 160 116
 121 219  66  77 187 251 123  41 143  25  39  50 117  42][210 221 255 223 162 112 191 246 176  74 223 182 249  63 150  34 111 119
 189 195 241 205 188 235  99 239 254 130  15 243 175 249][229 165 169  70 228  94 207 233 121 226 108   8 211 120  28  54 153 206
  18 111 249 122 125 106  63  30  69  44 200 242 194 228][209  84  11 132   2  83  55  96  52 198 142 171 247  86 131 117 126 245
 218 231 109 135 117  14 241  35  74  16  36 119  39 126][174 221 111 186 247 247 223 182 149  95  95 183 121 109 190  65 111 226
 151 191 241 173  57 255 123 111 254 193 183 221 244 121][244 255 252  86 184 171  87 190 178 182 173 188 115 227 203  31  19 230
 108 106 120  79 186  63 249 135 117  61 226 243 198 106][234 157 111 250 245 246 255 183 149  71  92 146 121 127  60  97 111 178
 151 169 177  14  48 191 127 127 222 193 183 204 244 250][ 81  21  95  77  48  46  66  48 228   8 171  68  87 115 136 114  54 228
 124 106 137 129 145  12 162 174  32  80  40 163  96  33][218  47  54 172  27 150  90 117  97  76 206  15  44   7  34 213 166 167
 221 229 236 139  49 205 179 224   8 147  35 134  47  79][218 160   6  50 137 184  16 199 163 113 129 189 143 142  74 155 161 135
 237 149  62  79 154  53 154 209  92 255 130   6 139  94][ 17  85  17 111 180   6  78  61 124  72  91  68 222  51 152 228 182  13
  20 110 145 184  17  78 161 188  34 192  74 131 129  49][201 113  31 116   3  76 117  53 112 128  38  16 191  19   1 123  34  84
 104 106  97 100 179  72 227 235  68   0 106 176  99  40][120 240 185 112 171 201  80 214 242  23 164  56 191 147  64  24 129  58
 196  16  26 111 242  19 203 193 116 123 226   0 198 171][ 81  97 151 100   0  78  68  28  97 200 162  72 118  19   8  51 176 212
 108 106 105 209 177   9 179 232 100   0  64  50  66  35][224 185 156 218  41 141  21 207 155  51 164  56 166 241  66  31 137 210
 232   0 122 111 218  49 217 146  85  63  80  72 158  15][ 89 212  84 101  18  10  98 190 100  33 106 228 215  51 128 112  50 212
 108 120 169 156 213  63 236 239  33  68  44 163   8  40][ 84  55 155 165 146  46  33  89  44 168 219  66 213  50  73  98 126 157
  78 177  17 145 193  72 181 132  43 132 168  98  35 131][104  42 152  90   9 181  16 206 210 191 172  25 162 241  99 218 201 122
 234  16  14 111 218  51  91  53  21  59 210 120  78  10][192 135 197  69 160  74 110 180  32 234 186 232 211  39 128 243  18 214
 108 238 121 216 197  46 164 170 229 148 108 243 194  57][ 20  51 138 205 130  38 164  89  36 136 203 102 209 242 129  98 120  60
  42 162   1 144 209   8 213 164 171 132 169  98  33 179][124 165  42  72 221 181 242  75 246  13 237   3   2 217 122 192 121 170
 202 148  30  43 202  22 123  77 133 111 211  14 254 130][244  21  69 197 180 106  79  59  48 226 142 228 211  39 145 247  82 212
  92 234 121 208  85  14 164 162 229 148  44 226 214  48][177 237   5 253  58 135 143 254  22 168  80  66 241  17 177 165  92 122
  55 205 233 222  67  61 168 138 125 128  61  24  16 169][184 203 150 190  25 194 150 237 135 180 160  33 110 251 104  66 201 119
 169 193  74 107  10 183 105 243  69  23  81  42 172 138][248 109 110 111  15 194 158 108 198  38 194   3  97 201  21  67 104 245
 233 227 108  45 193 191 119 225 129  17  39 154 116  10][216 108  58 252  15 192 150 104 198 166 130   2 104 217  97  67  96 245
 233 227  98  71 139 191 115 225 143  27  39  51 116  42][219  76 106  76  74 115  55  98 180 134 142 138 241 116  19 113 122 244
 219 227 108 135 244  46 245  39 202  25  37 119  38 106][ 60 125  12 231 156  79  70 244   0 160 156  74 119 117   1 130  24 246
  93 106  73 184 217  46 233 197 173  48  46 187  26 184][ 70 174 213  87 141 104 224 131 251 179 163  90 226 185  92  10 161 214
 104 145  58 109 155 227  13  54 213  87 205  96 214  10][189 113 237  99 131  91  53 153  36 242 103 176 211 149 200  59  55 220
 121  86 216 212 127   0 207  73  69  86 231 247 134  98][ 96 189 237  89 154 236 112 143 127  81 234  25 114 252  12  88 145 151
 105  16 154 216 219  53  77  46  84  83 224  64 198  90][114 100 220 229  26  35  90  44  11 163 139  10  86  59  28  50 155 213
 121 168  24  86 201  95 185 142  25 116 165  35 130  34][127 208 241  99 147 143  18 156  55  97 231 184  83  29   8  60  31 148
 121  24 139 148 121  54 215 239  16 214 231 155 150  50][104 149 213  54 218 106 164 175  58 163 170  89 117 125   8 155 151 215
 113 161  49 250 219  47  61  39 127  80 197  96 131  59][ 61 240 225  67 133  93 117 156  55  99 239 236 147 213 203 124  93 216
 174  82 203 180 125  51 207 197  20   6 250  95 212 122][150 134 236  23 130 106  81 139  55 183 195 147  67 108  31  73 115 207
  45 145  62 212 111  70 136  38 213  71 165  96 180  86][ 63 159  35  75 149 190  82 144 117  73 255 102 106  92 142 244 124 190
 148 252 191 186 121 191 190 239 160 194 235 135 250 119][189 223  10  91 180 183  99 208 117  77 247 118 122  69 190 228 125 170
 134 222 191 184 105  63 106 239 160 192 251 143 248  85][ 45  96 208  64 117  29 226  72 107 225 105  72  10 208 221 188  25 200
  82 126 195  54 196 192  38  28   5  62 207 191  90 132][ 80 151 158 168 138  98  20  71 172  27 234 117 151 162  34  91 197  23
 110   1  28 203   0  32 208 227 122  93 136  80 171 155][ 80  32 154  60  10 137  16  10 162 177 130  13 183 227  66  90 128  45
 108   0  12  73 146  16 208 225 113  57 168  32  11  10][209  30 151  55 147 126   4  23 116 251 195 244 231  38 128 255 165 230
 236  17 185 221 149  42 145 231 116 144 168  84 163  61][ 69 129 149  55 168 202 101 173 235 177  35 124 199 226 200 214 147  70
 108  76  17 120 171  53 172 246 117  84 192 130 195  37][236 103 236  87 172 123  69 158 250 182  54 184 195  97 223 191   1  70
 236 122 232 100 237  40 110  91 101 181 198 252 222 104][201 124 159  87 160 238 101  23 112 155 103  24 214  51  64 123 129 110
 104  24  49 252 241  42 239 187 116   2 202 240 195  35][237 108 180  87 141  31 103 176 250 186 167  76 250 113  87 191 145 100
 104 110 224 229 251  56 239  91  69  52 194 117  74  38][193 232  21 125  25 140  64 188 233  24 226  72 190 147   0 179 128 101
 108  72 107 237 211  47 161 248  36  26  72  16  67  43][158 207 154 187 178  34  63 238  60  23  74 179 205 231 105  73 119  95
 173 194  98 220 139  99 248 231 127 199 164 241 165 107][254 221 111 254 172 246 255 182 144  71 223 147 121 127  56  97 207 118
 181 239 177 207  58 191 107 239 254 201 151 219 244 250][210 175 172 182 206 128 191 239  30 183 155 183 101 238 122  67 255 243
 187 135 246  79 143 243 252   7 223 173 181 108 189  74][111 128 228  89 141  31 196 141  91 243 166  13 202 232  95 191 217 198
 240  28 157 230 219 128  15 123 213  94 203 252 218   6][223 221 239 254 186 116 191 245 176  74 223 178 121 255 153  35 255 247
 189 227 249  77 186 239 243 239 239 129 165 243 167 123][242 178 236 190  62 129 152 111 159 119 149 191 225 236  94   3 239 155
 255 133 190  79 206 215 254   7 255 255  53 132 158  83][214 221 175 126 178 246 191 190  50 218 223 177 125 238 155 121 119 247
 253 227 241 205 191 111 251  39 239 133 173 243 167 113][143 122  36  91 253 159 234   9 127 113  67  92 200 200 222 252 199   9
 250  93 183 252 127 246  46  94  23 118 222 133 219 212][ 68 190 223  62 250 202  55 252 255 255 118 181 127 247 138  83 247 127
 230  34 115 216 187 127 124 230 119 143 232 240 167  91][ 47 243  18 176 237 157 222 244 143 120 180 110 142 218 238 133 236 201
 190  70 223  99  90 240 190 217 231 255  90 188 233 149][122 253 119 224 253 223 222 255 137 232 184  79  26  61  20 134 173 243
 215 225 201  43  16 252 187 221   7 254  79  30 250 155][ 58 157 119  70 115 223 219 113 237 100 190   9 106 124  22  52 174 179
 215 224 204 171 116 255 123 223   0 147 103 134 102  95][254 232   4  50 203 184  86 204 163  63 161 185  79 194  74 155 163 195
 237  87  30  71 138  49 186 211  93 255 160  23 171  67][193  80  85  85   9  76 101  52  96 146  35  88 255  19   0 123  34 212
 104 106  97 100 243   0 199 234  64   8  96  48  99  40][220 124 179 100   1 104  97   2 224 166 174  24 151 179  65  30  33 244
 104  24   9 231 178   2 193 172  81  56 232  97  70  34][120 162  29  48 169 249  80 175 203 189 168  57  15 165  64 155 129 147
 236  16  30 107 234  21 155 209  85 127 240   8 198  74][ 65 139  21 101  32  14  79 176  40  40  42  76 215 103 128 243 150 100
 108 110 209 192 225  45 165 186  97 212  64 163  67  33][ 64 203  21 227  48  74 110  21  60  32  66 192 247   7 128 224  54   6
 108  92  67 152  65  46 164 228  62 192  40 146 129  57][108 160 221  48 201 249  80 175 203  53 168  57   6 189  72  59 129 147
 232  16  30 107 234  17 223 209  85 127 240   8 206  66][160 106 184  58 109 241  81  79 211  31 160  24 162 192 103  28 201 186
 194  17  46 111 234  51 145 212  21  59 208  92  86 238][201  95 253  69  32  14 111  49 168 190  39  76 247 115 153 223   6 100
 124 110 225  68 249   8 231 251 101   0   2 242 194  97][162 236 168  58 121 249  17 206 223  31 132  56 166 220  71  56 193  58
 201  17  42 111 234  51 137 213  29 123 208  88  22 238][101 112 177 178 228  44  81 152 251 254  34  45 222  83  73  26 131  68
 125  30  33  68 216   0 199 218 117  54 138 241  66  99][129 236  21 191 120 139 104 238  86  49  64  64 181 193 144 161   8  42
  50  77  99 220  67  61 172 138 252  32  28 152  24 168][246  75 196 181  22  42  74   0  16 160 195 207 199  98  17 142  90 228
 232 227  40 212 193 142 148 166 219  17  45  57  24   0][ 86  15 238 109 130  42 126  34 101 134  74 129 227 105  17  83  98 126
 105 227 104 144 199  40 230 225 194   1  38 243  84 130][116 237  15 230  60  75  70 176 133 168 154 234 247  69 129  35  24 244
  76 106  73 193  73  44 184 193  37 176  40 250  26  40][ 96 177 200 121 210 140  33 175  50  49 106 217  48 253  64  80  49  31
  97  17  19 122 219  51 125 167  52 108 233   0 194  58][118  97 240  67 131  75  94 141 119 162 239  26  67  25  92  60  51 220
 121  90  88 150 201  18 159 220   5 119 231 243 194  38][189 229 241  99 195  93 119 253 119 242 111 154  27  53  73 244 125 222
 146 110 249 242 253  34 111 205   5 100 227 255 192 160][189 228  96  75 177  55  94 204  87  67 109 144  75 205 191 252  95  10
 145 126 238 182 125 178 234 237  20   5 246 223 250 204][173 207 110 123 176 179 191 222  84  87  70 149 115 164 187 105  95  10
 146  94 238 184 127  63 110 203 118  65 246 221 252 248][ 29 198 206  31 130 106 111 154 254  95  87 164 209 103 187  78 115  70
  44 142 129 196  47 111 204 167 247 133 178 243  45 113][ 79 247 180   3 168  29 188 189  58 123  25 253 220 126 206 178 151  19
 249  53 215  64 207  85 110  30 125 254 158  86 139  21][ 84 222 239  87 162 114 119 182  52  95 207 183 115 117 154 127 103 230
 253 174 185 213  45  47 114  47 246 129 231 243 244 113][ 84  30 239  87 130 122  99 178 240 223 207 172 243 101 159 127  37 230
 108 172 153 208 239  36 142 167 116 128 225 243 134 117][252 246 236  85 172  89  85 190 250 246 182 189 243 108 223  59   3  70
 237 118 236 109 239  32 235 219 117 181 196 248 222 122][217  58 188  87  41  29  81 190 250 174 166  44 246 112 195 183 128 100
 236  78 232 109 227  43 203 219 117  19  66  49  75  47][ 81 124  21  95  11 156  17  54 232  26 166  76 254  18   1 183 128 100
 108  64  41 229 243  45 161 251 112  18  72  16   3  43][214 206 142 191 146  34  45 255  54 151 202 151 109 231 105  73 119 223
 169 148 106 221 155 127 249 231 223   4 176 240 165 120][238 205 239 254 188 228 223 174 146  94 223  50 241 127  57 107 219 119
 189 227 121  75 106 191 235 255 255 213 148 251 244 122][255 174 168  40 141  61 222 143 195 246 140  29 131 136  86  26 201 198
 121 157 254 111 247 146 219  95 149 125 210 108 218  70][114 234 236 191  92 133 185 173 158  53 193 159 193 239  82  11 111 221
 251 133 154  75 223 245 252  35 223 125 181 140 150 210][119  43 108  40 141 189  94 223 231 116 140 141 163 200  87  26 236 171
 255 213 222  43 222 240 251  89 141 121 125 223 218  94][ 12 188 255  63 250 194  63 248 182 251 118 245 124 247 234 115  55 127
 242 162 179 208 187 127 109  39 117 172 249 240 167 249][ 43 255 110 160 236 157  94 255 205 244 188 205 175 139 246  82 206 227
 207 110 220  43  86 245 250 217 135 127  94 190 232 221][224 160  93 112 232 201  81 207 235  53 164  57  22 189  74  27 137 146
 224  16  54 111 234  17 219 145  85 127 192   8 198  74][168 170 189  56 105 201  85 207 154  63 160  57 166 156  64  59 137  59
 194  17 110 111 234  51 203 211  81 123 208   8 198 234][212  47 194 103 131  42 110 166  53 134 202 131  99  35  17  87 120 254
 233 226  40 144 193  42 247 230 196   1 167 115 126  10][124  45 178 116 219 115 118 231 117 162 238  10  74 179  65 191  57 254
 210 186  56 219 129 170  63 239  69  43 227 117 238 166][ 45 173 174  72 205 127 238 235 210 242 108   8  88 176 122 162 121  78
  82  62  48 235  60  16 127  15  69 125 211 123 203 192][  5  37 172  89 205 253 175 251 214 191 141  26 208 229 115  42  25 106
  83 191 178  67 126  19 109  15 207 125 209 123 214 226][141 197 238  91 136  23 125 253  86  23  70 147 241 229  59 105  89  74
  59 126 246 240 127  49 111  11 212   5 247 216 252 232][212 179 238 119 184  90 121 185 234 221 183 181 211 111 222 115  54 198
 237 124 188 201 175  11 235 235 101 197 228 162 231 115][ 89 106 188 118  40 125  81  30 234 252 191  45 247 164 195  59 134 230
 108  78 140  99 235  41 211 203 113  57  96 243  78 107][248  54 168  54 141 109  81  61 219 255 181  29 194 253  90  27 153 132
 237  53 188 103 250 146 219 219  85 127 192 110 214  66]